584.90356 0.99980701
584.9078 0.99985385
584.91204 0.99990998
584.91628 0.99995158
584.92051 0.9999742
584.92475 0.99998435
584.92899 0.99998857
584.93323 0.99999018
584.93747 0.99999026
584.9417 0.99998859
584.94594 0.99998345
584.95018 0.99997095
584.95442 0.99994624
584.95865 0.99990984
584.96289 0.99987515
584.96713 0.99986303
584.97137 0.99988206
584.9756 0.99991894
584.97984 0.99995312
584.98408 0.99997454
584.98831 0.99998482
584.99255 0.99998896
584.99679 0.9999904
585.00102 0.99999064
585.00526 0.99999019
585.0095 0.99998918
585.01373 0.99998749
585.01797 0.99998462
585.0222 0.99997913
585.02644 0.99996754
585.03068 0.99994423
585.03491 0.99990616
585.03915 0.99986209
585.04338 0.99983293
585.04762 0.99983287
585.05186 0.99985005
585.05609 0.99985086
585.06033 0.99979306
585.06456 0.99962926
585.0688 0.99933134
585.07303 0.99896077
585.07727 0.99869407
585.0815 0.99868533
585.08574 0.99888611
585.08997 0.99908571
585.09421 0.99913996
585.09844 0.9990884
585.10268 0.99904078
585.10691 0.9990179
585.11115 0.99895113
585.11538 0.99880758
585.11962 0.99866472
585.12385 0.99865317
585.12809 0.99883277
585.13232 0.99913758
585.13655 0.99944665
585.14079 0.99968021
585.14502 0.99982377
585.14926 0.99989893
585.15349 0.99993294
585.15772 0.99994536
585.16196 0.99994827
585.16619 0.99995009
585.17042 0.99995589
585.17466 0.99996562
585.17889 0.99997573
585.18312 0.99998332
585.18736 0.99998799
585.19159 0.99999072
585.19582 0.99999245
585.20006 0.99999369
585.20429 0.99999464
585.20852 0.99999539
585.21276 0.999996
585.21699 0.9999965
585.22122 0.99999691
585.22545 0.99999725
585.22969 0.99999752
585.23392 0.99999772
585.23815 0.99999783
585.24238 0.99999784
585.24662 0.9999977
585.25085 0.99999727
585.25508 0.99999618
585.25931 0.99999336
585.26354 0.9999868
585.26778 0.99997448
585.27201 0.99995787
585.27624 0.99994443
585.28047 0.99994299
585.2847 0.99995464
585.28893 0.99997147
585.29316 0.99998508
585.2974 0.99999283
585.30163 0.99999635
585.30586 0.99999783
585.31009 0.9999985
585.31432 0.99999886
585.31855 0.99999905
585.32278 0.99999916
585.32701 0.99999921
585.33124 0.99999922
585.33547 0.9999992
585.3397 0.99999916
585.34394 0.99999909
585.34817 0.99999899
585.3524 0.99999886
585.35663 0.99999871
585.36086 0.99999852
585.36509 0.9999983
585.36932 0.99999804
585.37355 0.99999775
585.37778 0.99999742
585.38201 0.99999702
585.38624 0.99999655
585.39047 0.99999599
585.3947 0.99999532
585.39892 0.99999449
585.40315 0.99999349
585.40738 0.99999224
585.41161 0.99999069
585.41584 0.99998869
585.42007 0.99998602
585.4243 0.99998225
585.42853 0.99997645
585.43276 0.99996613
585.43699 0.99994448
585.44122 0.99989632
585.44544 0.99980026
585.44967 0.9996512
585.4539 0.99949279
585.45813 0.99940294
585.46236 0.99940858
585.46659 0.99942324
585.47082 0.99930458
585.47504 0.99899513
585.47927 0.99862626
585.4835 0.99845526
585.48773 0.99863019
585.49196 0.99903972
585.49618 0.99944887
585.50041 0.9997199
585.50464 0.99985631
585.50887 0.99991381
585.51309 0.99993254
585.51732 0.99992647
585.52155 0.99989716
585.52578 0.99985214
585.53 0.99981558
585.53423 0.99981479
585.53846 0.99985289
585.54269 0.99990577
585.54691 0.99994816
585.55114 0.99997248
585.55537 0.99998387
585.55959 0.99998901
585.56382 0.99999163
585.56805 0.99999322
585.57227 0.99999429
585.5765 0.99999503
585.58073 0.99999555
585.58495 0.99999589
585.58918 0.99999607
585.59341 0.99999608
585.59763 0.99999586
585.60186 0.99999527
585.60608 0.99999385
585.61031 0.99999044
585.61454 0.99998266
585.61876 0.99996769
585.62299 0.99994573
585.62721 0.99992284
585.63144 0.99990709
585.63566 0.99990131
585.63989 0.99990388
585.64411 0.9999146
585.64834 0.9999333
585.65256 0.99995502
585.65679 0.99997282
585.66101 0.99998359
585.66524 0.99998848
585.66946 0.99998965
585.67369 0.99998799
585.67791 0.99998223
585.68214 0.99996811
585.68636 0.99993931
585.69059 0.99989412
585.69481 0.99984587
585.69904 0.99982108
585.70326 0.99983667
585.70749 0.99988155
585.71171 0.9999289
585.71593 0.9999613
585.72016 0.99997773
585.72438 0.99998428
585.72861 0.99998586
585.73283 0.99998441
585.73705 0.99997917
585.74128 0.99996522
585.7455 0.99992928
585.74973 0.99984839
585.75395 0.99970804
585.75817 0.99954173
585.7624 0.99943927
585.76662 0.99947322
585.77084 0.99961838
585.77507 0.99978112
585.77929 0.9998941
585.78351 0.99995119
585.78774 0.99997497
585.79196 0.99998456
585.79618 0.99998893
585.8004 0.99999127
585.80463 0.99999264
585.80885 0.99999344
585.81307 0.99999386
585.81729 0.99999401
585.82152 0.99999392
585.82574 0.99999362
585.82996 0.99999308
585.83418 0.99999229
585.83841 0.99999116
585.84263 0.99998959
585.84685 0.99998736
585.85107 0.99998404
585.85529 0.99997857
585.85952 0.99996823
585.86374 0.99994677
585.86796 0.99990394
585.87218 0.99983248
585.8764 0.99974343
585.88062 0.99966922
585.88485 0.99963321
585.88907 0.99961705
585.89329 0.99958488
585.89751 0.99954315
585.90173 0.99954369
585.90595 0.99961609
585.91017 0.99972802
585.91439 0.99982459
585.91861 0.99987928
585.92284 0.99989682
585.92706 0.99988927
585.93128 0.99985987
585.9355 0.99979487
585.93972 0.99964709
585.94394 0.99930812
585.94816 0.99861537
585.95238 0.99748772
585.9566 0.9961669
585.96082 0.99525607
585.96504 0.99529956
585.96926 0.99626842
585.97348 0.99759153
585.9777 0.99868815
585.98192 0.99934945
585.98614 0.99966995
585.99036 0.99980995
585.99458 0.99987258
585.9988 0.99990244
586.00302 0.99991598
586.00724 0.99992162
586.01146 0.99992657
586.01568 0.99993471
586.0199 0.99994332
586.02412 0.99994419
586.02833 0.99992837
586.03255 0.99989345
586.03677 0.99985258
586.04099 0.99983183
586.04521 0.99984731
586.04943 0.99988695
586.05365 0.99992417
586.05787 0.9999442
586.06209 0.99995075
586.0663 0.99995405
586.07052 0.99995902
586.07474 0.99996307
586.07896 0.99996004
586.08318 0.99994303
586.0874 0.9999061
586.09161 0.99985063
586.09583 0.99979112
586.10005 0.99974662
586.10427 0.99972511
586.10849 0.99972572
586.1127 0.99975031
586.11692 0.99979699
586.12114 0.99984945
586.12536 0.99988704
586.12958 0.99989994
586.13379 0.99988706
586.13801 0.99984111
586.14223 0.99972954
586.14645 0.99947676
586.15066 0.99898428
586.15488 0.99824839
586.1591 0.99750655
586.16331 0.99714997
586.16753 0.99735537
586.17175 0.99790122
586.17596 0.99845392
586.18018 0.99888627
586.1844 0.9992337
586.18862 0.99951665
586.19283 0.99971457
586.19705 0.99982342
586.20127 0.99986542
586.20548 0.99986295
586.2097 0.99982544
586.21391 0.99975922
586.21813 0.99968872
586.22235 0.99965835
586.22656 0.99969625
586.23078 0.99978225
586.23499 0.99986936
586.23921 0.99992812
586.24343 0.9999583
586.24764 0.99997159
586.25186 0.99997721
586.25607 0.9999794
586.26029 0.99997932
586.26451 0.99997624
586.26872 0.99996713
586.27294 0.99994587
586.27715 0.99990458
586.28137 0.99983894
586.28558 0.99975721
586.2898 0.99968603
586.29401 0.99965573
586.29823 0.99966329
586.30244 0.99965854
586.30666 0.99959225
586.31087 0.99948149
586.31509 0.99940847
586.3193 0.99944137
586.32352 0.99956656
586.32773 0.99971017
586.33195 0.99980684
586.33616 0.99983323
586.34037 0.99980173
586.34459 0.99975087
586.3488 0.99972965
586.35302 0.99976333
586.35723 0.99983339
586.36145 0.99990184
586.36566 0.99994695
586.36987 0.99996982
586.37409 0.99997984
586.3783 0.99998408
586.38252 0.9999858
586.38673 0.99998619
586.39094 0.99998556
586.39516 0.99998386
586.39937 0.99998068
586.40358 0.99997493
586.4078 0.99996345
586.41201 0.99993681
586.41622 0.99987126
586.42044 0.99972639
586.42465 0.99947657
586.42886 0.99917967
586.43308 0.99899266
586.43729 0.99904532
586.4415 0.99929781
586.44572 0.99958623
586.44993 0.99978716
586.45414 0.99988252
586.45835 0.99990237
586.46257 0.99986622
586.46678 0.99977865
586.47099 0.99965851
586.4752 0.99955838
586.47942 0.9995388
586.48363 0.99961431
586.48784 0.99973787
586.49205 0.99984722
586.49627 0.99991356
586.50048 0.99994305
586.50469 0.99995188
586.5089 0.99995066
586.51311 0.99994286
586.51733 0.99992641
586.52154 0.99989169
586.52575 0.99981551
586.52996 0.99966117
586.53417 0.99940489
586.53838 0.99908117
586.5426 0.99877709
586.54681 0.99853185
586.55102 0.9982574
586.55523 0.99784552
586.55944 0.9973887
586.56365 0.99718239
586.56786 0.99739117
586.57207 0.99781285
586.57629 0.9981043
586.5805 0.99814441
586.58471 0.99807799
586.58892 0.99809856
586.59313 0.99828615
586.59734 0.99859902
586.60155 0.99891048
586.60576 0.99907039
586.60997 0.99902922
586.61418 0.99891378
586.61839 0.99892169
586.6226 0.99912585
586.62681 0.99942449
586.63102 0.99967796
586.63523 0.99983129
586.63944 0.99990613
586.64365 0.99994014
586.64786 0.9999569
586.65207 0.99996652
586.65628 0.99997274
586.66049 0.99997705
586.6647 0.99998012
586.66891 0.99998231
586.67312 0.99998383
586.67733 0.9999848
586.68154 0.9999853
586.68575 0.99998537
586.68996 0.999985
586.69417 0.99998416
586.69838 0.99998275
586.70259 0.99998065
586.7068 0.99997765
586.71101 0.99997342
586.71522 0.99996729
586.71943 0.99995771
586.72364 0.99994055
586.72784 0.99990508
586.73205 0.99982954
586.73626 0.99968265
586.74047 0.99942875
586.74468 0.99902024
586.74889 0.99841201
586.7531 0.99768462
586.7573 0.99716046
586.76151 0.99720095
586.76572 0.99780886
586.76993 0.99860831
586.77414 0.99923929
586.77835 0.9996072
586.78255 0.99978984
586.78676 0.99987758
586.79097 0.99992135
586.79518 0.99994445
586.79939 0.99995755
586.80359 0.99996553
586.8078 0.99997061
586.81201 0.99997378
586.81622 0.99997553
586.82043 0.99997607
586.82463 0.99997541
586.82884 0.99997338
586.83305 0.99996944
586.83726 0.9999623
586.84146 0.99994849
586.84567 0.99991844
586.84988 0.99984943
586.85409 0.99970099
586.85829 0.99942567
586.8625 0.99900111
586.86671 0.99847772
586.87091 0.99802375
586.87512 0.99788388
586.87933 0.99818014
586.88353 0.99875301
586.88774 0.999301
586.89195 0.99964813
586.89615 0.99980913
586.90036 0.99987321
586.90457 0.99990524
586.90877 0.99992708
586.91298 0.99993717
586.91719 0.99992847
586.92139 0.99989551
586.9256 0.99984102
586.92981 0.99978516
586.93401 0.99975932
586.93822 0.9997781
586.94242 0.99982118
586.94663 0.99984853
586.95084 0.99982506
586.95504 0.99973158
586.95925 0.99957334
586.96345 0.99938009
586.96766 0.99916935
586.97186 0.99892301
586.97607 0.998661
586.98028 0.99851207
586.98448 0.99860915
586.98869 0.9989274
586.99289 0.9993069
586.9971 0.9996071
587.0013 0.99978695
587.00551 0.99987382
587.00971 0.99990804
587.01392 0.99991573
587.01812 0.99990663
587.02233 0.99988037
587.02653 0.99983475
587.03074 0.99977335
587.03494 0.99970131
587.03915 0.99959463
587.04335 0.99934816
587.04756 0.99874792
587.05176 0.9975821
587.05597 0.99597213
587.06017 0.9946147
587.06438 0.99435883
587.06858 0.99536112
587.07278 0.99693443
587.07699 0.99828712
587.08119 0.99911333
587.0854 0.99951105
587.0896 0.99966496
587.09381 0.99968543
587.09801 0.99959383
587.10221 0.99935404
587.10642 0.9989294
587.11062 0.9983502
587.11483 0.99771244
587.11903 0.99710146
587.12323 0.99661233
587.12744 0.99646002
587.13164 0.99685516
587.13584 0.99769795
587.14005 0.99860203
587.14425 0.99925519
587.14845 0.99960934
587.15266 0.99976555
587.15686 0.99982104
587.16106 0.9998267
587.16527 0.99980934
587.16947 0.99979176
587.17367 0.99978858
587.17788 0.99979367
587.18208 0.99978432
587.18628 0.99973924
587.19049 0.99965225
587.19469 0.99954122
587.19889 0.99944587
587.20309 0.99939122
587.2073 0.99934618
587.2115 0.99924845
587.2157 0.99908149
587.2199 0.99891362
587.22411 0.99886008
587.22831 0.99899104
587.23251 0.99926047
587.23671 0.99954473
587.24092 0.99975114
587.24512 0.99986647
587.24932 0.9999216
587.25352 0.99994719
587.25772 0.99995995
587.26193 0.99996676
587.26613 0.99996998
587.27033 0.99996977
587.27453 0.99996428
587.27873 0.99994982
587.28294 0.999924
587.28714 0.99989225
587.29134 0.99986958
587.29554 0.9998687
587.29974 0.99988542
587.30394 0.99989997
587.30814 0.99988791
587.31235 0.99981998
587.31655 0.99965957
587.32075 0.99939571
587.32495 0.99910516
587.32915 0.99894146
587.33335 0.99898931
587.33755 0.99913472
587.34175 0.9991205
587.34596 0.99873125
587.35016 0.99799348
587.35436 0.9972833
587.35856 0.99710703
587.36276 0.99761524
587.36696 0.99844997
587.37116 0.99914451
587.37536 0.99949725
587.37956 0.99953841
587.38376 0.9993581
587.38796 0.99907447
587.39216 0.9988631
587.39636 0.99887631
587.40056 0.99911155
587.40476 0.99942336
587.40896 0.99966854
587.41316 0.99979804
587.41736 0.99983497
587.42156 0.99982467
587.42576 0.99980695
587.42996 0.99979672
587.43416 0.99977701
587.43836 0.99972605
587.44256 0.99964922
587.44676 0.99955974
587.45096 0.99943363
587.45516 0.99923912
587.45936 0.99903258
587.46356 0.9989576
587.46776 0.99909444
587.47196 0.99936179
587.47616 0.99961038
587.48036 0.99975959
587.48456 0.99981339
587.48876 0.99979501
587.49296 0.99969315
587.49716 0.9994424
587.50136 0.99895625
587.50556 0.99825346
587.50975 0.99759173
587.51395 0.99735489
587.51815 0.99768278
587.52235 0.99829889
587.52655 0.99877903
587.53075 0.99886877
587.53495 0.99851043
587.53915 0.99774264
587.54335 0.99667517
587.54754 0.99548311
587.55174 0.99440953
587.55594 0.99383752
587.56014 0.99416397
587.56434 0.99535863
587.56854 0.99685129
587.57273 0.99805119
587.57693 0.99877709
587.58113 0.99913852
587.58533 0.99924903
587.58953 0.99910778
587.59373 0.99858204
587.59792 0.99743155
587.60212 0.99552384
587.60632 0.99327057
587.61052 0.99174434
587.61472 0.99188394
587.61891 0.99346993
587.62311 0.99524661
587.62731 0.99604345
587.63151 0.99553443
587.6357 0.99421559
587.6399 0.99307968
587.6441 0.9930782
587.6483 0.99440857
587.65249 0.99635578
587.65669 0.99802025
587.66089 0.99902824
587.66509 0.9995083
587.66928 0.99971125
587.67348 0.99979973
587.67768 0.99984316
587.68187 0.99986511
587.68607 0.99987353
587.69027 0.99987352
587.69447 0.99987075
587.69866 0.99986823
587.70286 0.9998614
587.70706 0.99983548
587.71125 0.99975909
587.71545 0.99956913
587.71965 0.99917519
587.72384 0.99854411
587.72804 0.99783803
587.73224 0.99739122
587.73643 0.9974089
587.74063 0.99772539
587.74483 0.99798601
587.74902 0.99803388
587.75322 0.99803658
587.75741 0.99824677
587.76161 0.99870116
587.76581 0.99920901
587.77 0.99958494
587.7742 0.99979141
587.77839 0.99988548
587.78259 0.99992688
587.78679 0.99994738
587.79098 0.99995935
587.79518 0.99996716
587.79937 0.99997253
587.80357 0.9999763
587.80777 0.9999789
587.81196 0.99998059
587.81616 0.99998149
587.82035 0.99998161
587.82455 0.99998071
587.82874 0.99997795
587.83294 0.99997097
587.83713 0.99995509
587.84133 0.99992553
587.84552 0.99988519
587.84972 0.99985055
587.85392 0.9998412
587.85811 0.99985839
587.86231 0.99988005
587.8665 0.99987827
587.8707 0.99983711
587.87489 0.99976268
587.87909 0.99968761
587.88328 0.99965419
587.88748 0.99967542
587.89167 0.99971688
587.89587 0.99971757
587.90006 0.99960447
587.90425 0.99928262
587.90845 0.99867854
587.91264 0.99789205
587.91684 0.99727891
587.92103 0.99719998
587.92523 0.99762594
587.92942 0.99814066
587.93362 0.9983603
587.93781 0.99819102
587.942 0.99763429
587.9462 0.99648519
587.95039 0.99444622
587.95459 0.99166728
587.95878 0.98897216
587.96298 0.98728278
587.96717 0.98702629
587.97136 0.98824552
587.97556 0.99071678
587.97975 0.99371782
587.98395 0.99625267
587.98814 0.99773388
587.99233 0.99825111
587.99653 0.99829636
588.00072 0.99836958
588.00491 0.99868283
588.00911 0.99912146
588.0133 0.99948145
588.01749 0.99968308
588.02169 0.99976348
588.02588 0.99977518
588.03008 0.99973052
588.03427 0.99959109
588.03846 0.99928672
588.04265 0.99879882
588.04685 0.99826936
588.05104 0.99793531
588.05523 0.99782697
588.05943 0.9976032
588.06362 0.99687015
588.06781 0.99569393
588.07201 0.99461928
588.0762 0.99398014
588.08039 0.99334986
588.08459 0.99210322
588.08878 0.99048791
588.09297 0.98956753
588.09716 0.9899122
588.10136 0.99094595
588.10555 0.99194757
588.10974 0.99301679
588.11393 0.99454074
588.11813 0.99632894
588.12232 0.99779877
588.12651 0.99861764
588.1307 0.99884844
588.1349 0.99874076
588.13909 0.9985823
588.14328 0.9985912
588.14747 0.99879065
588.15166 0.99901094
588.15586 0.99903948
588.16005 0.99874417
588.16424 0.99809932
588.16843 0.9971336
588.17263 0.99577766
588.17682 0.99382645
588.18101 0.99136176
588.1852 0.98917089
588.18939 0.98824846
588.19358 0.98891125
588.19778 0.99078486
588.20197 0.99327915
588.20616 0.99571331
588.21035 0.99747973
588.21454 0.99839836
588.21873 0.99870641
588.22293 0.9986855
588.22712 0.99842243
588.23131 0.99789459
588.2355 0.99715432
588.23969 0.99636873
588.24388 0.99577594
588.24807 0.99565037
588.25226 0.99611956
588.25646 0.99691456
588.26065 0.99745046
588.26484 0.99718864
588.26903 0.99592467
588.27322 0.99398809
588.27741 0.99226792
588.2816 0.9916431
588.28579 0.99208926
588.28998 0.9926451
588.29417 0.9925519
588.29837 0.99216415
588.30256 0.99243298
588.30675 0.99373686
588.31094 0.99558358
588.31513 0.99725726
588.31932 0.99837724
588.32351 0.99892502
588.3277 0.99905229
588.33189 0.99896546
588.33608 0.99887993
588.34027 0.99893529
588.34446 0.99911721
588.34865 0.99930782
588.35284 0.99940465
588.35703 0.99935326
588.36122 0.99907475
588.36541 0.99837186
588.3696 0.99689128
588.37379 0.99417615
588.37798 0.98985489
588.38217 0.98421546
588.38636 0.97906119
588.39055 0.97729783
588.39474 0.98034863
588.39893 0.98634219
588.40312 0.99187669
588.40731 0.99492305
588.4115 0.99553222
588.41569 0.99489242
588.41988 0.99437862
588.42407 0.99480578
588.42826 0.99604733
588.43245 0.99743941
588.43664 0.9984916
588.44083 0.99912345
588.44502 0.99946297
588.44921 0.99964012
588.4534 0.99972502
588.45759 0.99974015
588.46177 0.99968646
588.46596 0.99957688
588.47015 0.99946621
588.47434 0.99943274
588.47853 0.99950856
588.48272 0.99964615
588.48691 0.99977146
588.4911 0.99984804
588.49529 0.99988172
588.49948 0.99989077
588.50367 0.99988748
588.50785 0.99987668
588.51204 0.99985904
588.51623 0.99983285
588.52042 0.99979344
588.52461 0.99972886
588.5288 0.99960794
588.53299 0.9993594
588.53717 0.99886603
588.54136 0.99802912
588.54555 0.99689413
588.54974 0.99567353
588.55393 0.99459621
588.55812 0.99384908
588.56231 0.9936864
588.56649 0.99428201
588.57068 0.99533005
588.57487 0.99599868
588.57906 0.99520696
588.58325 0.99176655
588.58744 0.98494594
588.59162 0.97614127
588.59581 0.96969883
588.6 0.96991781
588.60419 0.97660522
588.60838 0.98528708
588.61256 0.99173329
588.61675 0.9946041
588.62094 0.99438662
588.62513 0.99193005
588.62931 0.98847477
588.6335 0.9858927
588.63769 0.98576398
588.64188 0.98814403
588.64607 0.99162849
588.65025 0.99455453
588.65444 0.99596617
588.65863 0.99579317
588.66282 0.99470182
588.667 0.9938141
588.67119 0.99399921
588.67538 0.99516517
588.67957 0.99650173
588.68375 0.99739447
588.68794 0.99781947
588.69213 0.99798155
588.69631 0.99788868
588.7005 0.99721382
588.70469 0.99525361
588.70888 0.99105268
588.71306 0.98431211
588.71725 0.97691199
588.72144 0.97278438
588.72562 0.97467123
588.72981 0.98119594
588.734 0.98835254
588.73818 0.99322475
588.74237 0.99526166
588.74656 0.99495982
588.75075 0.99259582
588.75493 0.98825242
588.75912 0.98281544
588.76331 0.97865617
588.76749 0.97831225
588.77168 0.98192555
588.77587 0.98695723
588.78005 0.99089429
588.78424 0.9932755
588.78842 0.99494544
588.79261 0.99647394
588.7968 0.99778334
588.80098 0.99867769
588.80517 0.99917562
588.80936 0.9994244
588.81354 0.99954972
588.81773 0.99961651
588.82192 0.99964992
588.8261 0.99965537
588.83029 0.99962544
588.83447 0.99954353
588.83866 0.99939601
588.84285 0.9991822
588.84703 0.99887
588.85122 0.99826233
588.8554 0.99689191
588.85959 0.99426672
588.86378 0.99064679
588.86796 0.98761321
588.87215 0.98711548
588.87633 0.98951532
588.88052 0.99318677
588.8847 0.99623859
588.88889 0.99793957
588.89308 0.99850945
588.89726 0.99836804
588.90145 0.99788849
588.90563 0.99748032
588.90982 0.99748664
588.914 0.99792926
588.91819 0.99852281
588.92237 0.9989795
588.92656 0.9992039
588.93074 0.99922937
588.93493 0.99908133
588.93912 0.99867539
588.9433 0.99768699
588.94749 0.99539973
588.95167 0.99092012
588.95586 0.98430952
588.96004 0.97790222
588.96423 0.97535957
588.96841 0.9781762
588.9726 0.98394672
588.97678 0.98900878
588.98097 0.99176197
588.98515 0.99279019
588.98934 0.99282783
588.99352 0.99146152
588.99771 0.98780235
589.00189 0.98235041
589.00608 0.97780035
589.01026 0.9770072
589.01445 0.98009957
589.01863 0.98470774
589.02281 0.98875858
589.027 0.99179271
589.03118 0.9940961
589.03537 0.99586711
589.03955 0.99716056
589.04374 0.99800811
589.04792 0.99845795
589.05211 0.99856218
589.05629 0.9983522
589.06047 0.99787249
589.06466 0.99726566
589.06884 0.99679313
589.07303 0.99670443
589.07721 0.99703411
589.0814 0.99755804
589.08558 0.99801209
589.08976 0.99830458
589.09395 0.99843901
589.09813 0.99830061
589.10232 0.99764107
589.1065 0.99635797
589.11068 0.99485462
589.11487 0.99397671
589.11905 0.99429136
589.12324 0.99547104
589.12742 0.99660662
589.1316 0.99693043
589.13579 0.996035
589.13997 0.99376231
589.14416 0.99029062
589.14834 0.98602778
589.15252 0.98092596
589.15671 0.97460111
589.16089 0.96830313
589.16507 0.96570907
589.16926 0.96956164
589.17344 0.97815917
589.17762 0.98702619
589.18181 0.99316165
589.18599 0.99638702
589.19018 0.99780344
589.19436 0.99835059
589.19854 0.99850842
589.20273 0.99849718
589.20691 0.9984147
589.21109 0.99823148
589.21528 0.9977579
589.21946 0.99661036
589.22364 0.99415055
589.22782 0.98972638
589.23201 0.98370633
589.23619 0.97847983
589.24037 0.97724388
589.24456 0.9808838
589.24874 0.98694098
589.25292 0.99220081
589.25711 0.99531897
589.26129 0.99678895
589.26547 0.99753974
589.26966 0.99807262
589.27384 0.99844247
589.27802 0.99853787
589.2822 0.9982167
589.28639 0.99723979
589.29057 0.99524818
589.29475 0.99212794
589.29893 0.98869549
589.30312 0.98671824
589.3073 0.9875211
589.31148 0.99058327
589.31567 0.99408313
589.31985 0.99661494
589.32403 0.99790161
589.32821 0.99822524
589.3324 0.99771384
589.33658 0.99613421
589.34076 0.99328482
589.34494 0.98979342
589.34912 0.98736141
589.35331 0.98753403
589.35749 0.99014226
589.36167 0.99354032
589.36585 0.99626542
589.37004 0.99792961
589.37422 0.99881477
589.3784 0.99926675
589.38258 0.99949692
589.38676 0.99961436
589.39095 0.99967317
589.39513 0.99969659
589.39931 0.99968972
589.40349 0.9996477
589.40768 0.99956346
589.41186 0.99942793
589.41604 0.99919706
589.42022 0.99871782
589.4244 0.99770064
589.42858 0.99592959
589.43277 0.99373106
589.43695 0.99214202
589.44113 0.99214831
589.44531 0.99365128
589.44949 0.99558499
589.45368 0.99703883
589.45786 0.99787393
589.46204 0.99836256
589.46622 0.99867617
589.4704 0.99877586
589.47458 0.99851249
589.47876 0.99767017
589.48295 0.99603583
589.48713 0.99370008
589.49131 0.99138523
589.49549 0.9901212
589.49967 0.99024734
589.50385 0.99103172
589.50803 0.99165466
589.51222 0.99222294
589.5164 0.99336854
589.52058 0.9951742
589.52476 0.99703147
589.52894 0.99837689
589.53312 0.99912508
589.5373 0.99947965
589.54148 0.99964254
589.54567 0.99972145
589.54985 0.99975853
589.55403 0.99977023
589.55821 0.9997695
589.56239 0.99977122
589.56657 0.99978471
589.57075 0.99980647
589.57493 0.9998254
589.57911 0.99983354
589.5833 0.9998294
589.58748 0.99981333
589.59166 0.99978112
589.59584 0.99971832
589.60002 0.99960095
589.6042 0.99941539
589.60838 0.99918748
589.61256 0.99896229
589.61674 0.99871289
589.62092 0.99827736
589.6251 0.99739336
589.62928 0.9957484
589.63346 0.99306221
589.63764 0.98941132
589.64183 0.98568222
589.64601 0.98346873
589.65019 0.98400788
589.65437 0.9870002
589.65855 0.99072625
589.66273 0.99336783
589.66691 0.99389725
589.67109 0.99199105
589.67527 0.98813097
589.67945 0.98416157
589.68363 0.98268305
589.68781 0.98483417
589.69199 0.98911062
589.69617 0.99298103
589.70035 0.99512001
589.70453 0.99582068
589.70871 0.99600929
589.71289 0.99632316
589.71707 0.99685919
589.72125 0.99739586
589.72543 0.9976383
589.72961 0.9972768
589.73379 0.99602157
589.73797 0.99388956
589.74215 0.99161365
589.74633 0.99044264
589.75051 0.99109602
589.75469 0.99303536
589.75887 0.99501161
589.76305 0.99610855
589.76723 0.9961868
589.77141 0.99570809
589.77559 0.99526601
589.77977 0.99505908
589.78395 0.99480551
589.78813 0.9942553
589.79231 0.99347358
589.79649 0.99222542
589.80067 0.98929065
589.80485 0.9832249
589.80903 0.97465138
589.81321 0.96755517
589.81739 0.96661167
589.82157 0.97247357
589.82575 0.9811108
589.82993 0.98810166
589.83411 0.99204671
589.83829 0.99398392
589.84247 0.99526985
589.84664 0.99649031
589.85082 0.99757074
589.855 0.99828589
589.85918 0.99854788
589.86336 0.99837502
589.86754 0.99782077
589.87172 0.99701901
589.8759 0.99615077
589.88008 0.99514842
589.88426 0.99345694
589.88844 0.99043362
589.89262 0.986351
589.8968 0.98295121
589.90098 0.98238805
589.90515 0.98520339
589.90933 0.9897602
589.91351 0.99388589
589.91769 0.99654701
589.92187 0.99790886
589.92605 0.99852273
589.93023 0.9987993
589.93441 0.99893955
589.93859 0.99902346
589.94277 0.99907972
589.94694 0.99911173
589.95112 0.99910342
589.9553 0.99902685
589.95948 0.99884474
589.96366 0.99848668
589.96784 0.99778761
589.97202 0.99638297
589.9762 0.99361329
589.98038 0.98869921
589.98455 0.98145089
589.98873 0.97292186
589.99291 0.96490571
589.99709 0.95901544
590.00127 0.95696859
590.00545 0.96049724
590.00963 0.9692197
590.01381 0.97975726
590.01798 0.98837823
590.02216 0.99364695
590.02634 0.99617276
590.03052 0.99703353
590.0347 0.9969961
590.03888 0.99661459
590.04306 0.9963807
590.04723 0.99656844
590.05141 0.99709284
590.05559 0.99768151
590.05977 0.99813552
590.06395 0.99838951
590.06813 0.99844892
590.0723 0.99833248
590.07648 0.99798556
590.08066 0.99725864
590.08484 0.9961552
590.08902 0.99513235
590.0932 0.99486214
590.09737 0.99552049
590.10155 0.99653889
590.10573 0.99713284
590.10991 0.99681178
590.11409 0.99544711
590.11826 0.99328843
590.12244 0.99089171
590.12662 0.98835761
590.1308 0.98435295
590.13498 0.97682838
590.13915 0.96606536
590.14333 0.95683234
590.14751 0.95535852
590.15169 0.96312158
590.15587 0.97533357
590.16004 0.98602824
590.16422 0.99269282
590.1684 0.9960167
590.17258 0.99749951
590.17676 0.99814119
590.18093 0.99836952
590.18511 0.99827348
590.18929 0.99774895
590.19347 0.99660893
590.19765 0.99471413
590.20182 0.99208642
590.206 0.98910482
590.21018 0.9867694
590.21436 0.98634153
590.21853 0.98816594
590.22271 0.99119998
590.22689 0.99407936
590.23107 0.99615947
590.23525 0.99741948
590.23942 0.99802092
590.2436 0.99818707
590.24778 0.99816669
590.25196 0.99811826
590.25613 0.99807812
590.26031 0.99805993
590.26449 0.99811133
590.26867 0.99823389
590.27284 0.99833986
590.27702 0.99839054
590.2812 0.99849847
590.28538 0.99877525
590.28955 0.99915755
590.29373 0.99948557
590.29791 0.99967617
590.30209 0.99974988
590.30626 0.99975397
590.31044 0.99971388
590.31462 0.99963685
590.31879 0.99953097
590.32297 0.99940642
590.32715 0.99924073
590.33133 0.99891538
590.3355 0.99815431
590.33968 0.99655932
590.34386 0.99394265
590.34804 0.99090432
590.35221 0.98885622
590.35639 0.98886391
590.36057 0.99049565
590.36474 0.99235541
590.36892 0.99354257
590.3731 0.99405274
590.37728 0.99416084
590.38145 0.99411045
590.38563 0.99420486
590.38981 0.99467464
590.39398 0.99549772
590.39816 0.99651254
590.40234 0.99755376
590.40651 0.99845052
590.41069 0.99907259
590.41487 0.99940319
590.41905 0.9994998
590.42322 0.99940696
590.4274 0.99915076
590.43158 0.99881785
590.43575 0.99859005
590.43993 0.99862449
590.44411 0.99889366
590.44828 0.99920708
590.45246 0.99938896
590.45664 0.99939808
590.46081 0.99931129
590.46499 0.99922827
590.46917 0.99917144
590.47334 0.99908386
590.47752 0.99894691
590.4817 0.99884671
590.48587 0.99885792
590.49005 0.9988935
590.49423 0.99871808
590.4984 0.99809285
590.50258 0.99695732
590.50676 0.99558345
590.51093 0.99444703
590.51511 0.99369836
590.51929 0.99288844
590.52346 0.99161218
590.52764 0.99031749
590.53182 0.98999555
590.53599 0.99108673
590.54017 0.99305069
590.54435 0.99495369
590.54852 0.99624048
590.5527 0.99699259
590.55688 0.99759427
590.56105 0.99825112
590.56523 0.99887917
590.56941 0.99933702
590.57358 0.99959966
590.57776 0.9997289
590.58193 0.99978903
590.58611 0.99981489
590.59029 0.99981711
590.59446 0.99978859
590.59864 0.99970178
590.60282 0.99950953
590.60699 0.99917636
590.61117 0.99873491
590.61534 0.99828966
590.61952 0.99793211
590.6237 0.99770296
590.62787 0.99767091
590.63205 0.99792843
590.63623 0.99843838
590.6404 0.99900112
590.64458 0.99942857
590.64875 0.99967311
590.65293 0.99978648
590.65711 0.99983032
590.66128 0.99983892
590.66546 0.99982386
590.66964 0.9997865
590.67381 0.99972279
590.67799 0.99961134
590.68216 0.99938643
590.68634 0.99893732
590.69052 0.99820563
590.69469 0.99735728
590.69887 0.99678772
590.70304 0.99677107
590.70722 0.99706666
590.7114 0.99698535
590.71557 0.99590848
590.71975 0.99386817
590.72392 0.9917312
590.7281 0.99059132
590.73228 0.99080812
590.73645 0.99182988
590.74063 0.99294162
590.7448 0.9939333
590.74898 0.99501992
590.75316 0.99628522
590.75733 0.99742508
590.76151 0.99803521
590.76568 0.99785161
590.76986 0.99665504
590.77403 0.99435052
590.77821 0.99151
590.78239 0.98957211
590.78656 0.98980217
590.79074 0.99196495
590.79491 0.99454643
590.79909 0.99618036
590.80327 0.99636116
590.80744 0.99507389
590.81162 0.99255709
590.81579 0.98969937
590.81997 0.98804789
590.82414 0.98865984
590.82832 0.99104982
590.83249 0.99377111
590.83667 0.99582082
590.84085 0.99710129
590.84502 0.99787523
590.8492 0.99830876
590.85337 0.99850119
590.85755 0.99859628
590.86172 0.99870993
590.8659 0.99883048
590.87008 0.99884763
590.87425 0.99860526
590.87843 0.99780868
590.8826 0.99582941
590.88678 0.99180971
590.89095 0.9856245
590.89513 0.97922291
590.8993 0.97615189
590.90348 0.97846076
590.90766 0.98452633
590.91183 0.99085341
590.91601 0.99523088
590.92018 0.99751738
590.92436 0.99845426
590.92853 0.9986373
590.93271 0.99831992
590.93688 0.99766223
590.94106 0.99699441
590.94523 0.99676411
590.94941 0.9971678
590.95359 0.99795417
590.95776 0.9986999
590.96194 0.99917795
590.96611 0.99940734
590.97029 0.9994869
590.97446 0.99947755
590.97864 0.99938976
590.98281 0.99919749
590.98699 0.99884226
590.99116 0.99827556
590.99534 0.99753396
590.99951 0.99668085
591.00369 0.99556953
591.00786 0.99382303
591.01204 0.99137195
591.01622 0.98899671
591.02039 0.98789166
591.02457 0.98852011
591.02874 0.99025331
591.03292 0.99213539
591.03709 0.99354046
591.04127 0.99422194
591.04544 0.99426723
591.04962 0.99393794
591.05379 0.9932659
591.05797 0.99195236
591.06214 0.98971126
591.06632 0.98657099
591.07049 0.98322017
591.07467 0.98126038
591.07884 0.98222199
591.08302 0.98586994
591.08719 0.99030343
591.09137 0.99386095
591.09554 0.99617334
591.09972 0.99758592
591.10389 0.99841275
591.10807 0.99880741
591.11224 0.99889898
591.11642 0.99885968
591.12059 0.9988614
591.12477 0.99897118
591.12894 0.99910163
591.13312 0.99909818
591.1373 0.99889839
591.14147 0.99862784
591.14565 0.99852147
591.14982 0.99870165
591.154 0.99905882
591.15817 0.99938454
591.16235 0.99955455
591.16652 0.99954039
591.1707 0.99930959
591.17487 0.99878824
591.17905 0.99796468
591.18322 0.99702189
591.1874 0.99624678
591.19157 0.99575615
591.19575 0.99550081
591.19992 0.99557261
591.2041 0.99617499
591.20827 0.99722158
591.21245 0.99829459
591.21662 0.99904825
591.22079 0.99943745
591.22497 0.99958569
591.22914 0.99960054
591.23332 0.99950857
591.23749 0.99926136
591.24167 0.99877192
591.24584 0.99799133
591.25002 0.99697219
591.25419 0.99581448
591.25837 0.99457377
591.26254 0.99338335
591.26672 0.99266683
591.27089 0.99289099
591.27507 0.99391031
591.27924 0.99476075
591.28342 0.99417791
591.28759 0.99131615
591.29177 0.9865383
591.29594 0.98197662
591.30012 0.98050905
591.30429 0.98321775
591.30847 0.9883245
591.31264 0.99313187
591.31682 0.99629051
591.32099 0.99796602
591.32517 0.99879224
591.32934 0.99921578
591.33352 0.9994477
591.33769 0.99958168
591.34187 0.99966329
591.34604 0.99971498
591.35022 0.99974673
591.35439 0.9997607
591.35856 0.99975036
591.36274 0.99969689
591.36691 0.99957492
591.37109 0.99938402
591.37526 0.99918741
591.37944 0.99908823
591.38361 0.99912959
591.38779 0.99923433
591.39196 0.99925712
591.39614 0.9990347
591.40031 0.99831914
591.40449 0.99670647
591.40866 0.99388659
591.41284 0.99033326
591.41701 0.98765871
591.42119 0.98754921
591.42536 0.99005847
591.42954 0.99352899
591.43371 0.9962621
591.43788 0.99770131
591.44206 0.99819113
591.44623 0.998294
591.45041 0.99839881
591.45458 0.99861063
591.45876 0.99884339
591.46293 0.99899429
591.46711 0.99899534
591.47128 0.99872044
591.47546 0.99789452
591.47963 0.99616698
591.48381 0.99350458
591.48798 0.99071139
591.49216 0.98926042
591.49633 0.99008317
591.5005 0.99260983
591.50468 0.99537388
591.50885 0.99733485
591.51303 0.99833286
591.5172 0.99862657
591.52138 0.99837292
591.52555 0.99741411
591.52973 0.99535382
591.5339 0.99204007
591.53808 0.98829384
591.54225 0.98583
591.54643 0.9856957
591.5506 0.98692821
591.55477 0.98764793
591.55895 0.98743395
591.56312 0.98770767
591.5673 0.98966305
591.57147 0.99274293
591.57565 0.99549928
591.57982 0.99714368
591.584 0.99781143
591.58817 0.99788216
591.59235 0.99756196
591.59652 0.99703767
591.6007 0.99668369
591.60487 0.9968598
591.60904 0.99754621
591.61322 0.99837119
591.61739 0.99898621
591.62157 0.99928571
591.62574 0.99933128
591.62992 0.99922139
591.63409 0.9990293
591.63827 0.99873969
591.64244 0.99817973
591.64662 0.99710714
591.65079 0.99556257
591.65497 0.99416535
591.65914 0.99375664
591.66331 0.99454736
591.66749 0.99588266
591.67166 0.99699089
591.67584 0.9976531
591.68001 0.99806265
591.68419 0.99839892
591.68836 0.99870848
591.69254 0.99898559
591.69671 0.99920619
591.70089 0.99933273
591.70506 0.99934283
591.70924 0.99925227
591.71341 0.99909763
591.71758 0.99885888
591.72176 0.99836914
591.72593 0.99736805
591.73011 0.99581885
591.73428 0.99426029
591.73846 0.99361
591.74263 0.99433486
591.74681 0.99595581
591.75098 0.9975705
591.75516 0.99864719
591.75933 0.99918022
591.7635 0.99936602
591.76768 0.99935077
591.77185 0.99919533
591.77603 0.99891843
591.7802 0.99850358
591.78438 0.99789357
591.78855 0.99708353
591.79273 0.99627197
591.7969 0.995818
591.80108 0.99594063
591.80525 0.99648545
591.80943 0.99703291
591.8136 0.99718576
591.81777 0.99665013
591.82195 0.99497151
591.82612 0.9913047
591.8303 0.98493022
591.83447 0.97665322
591.83865 0.96960467
591.84282 0.96753959
591.847 0.97162391
591.85117 0.97937591
591.85535 0.98702829
591.85952 0.99236813
591.8637 0.9952986
591.86787 0.99665314
591.87204 0.99711632
591.87622 0.99690476
591.88039 0.99579782
591.88457 0.99318266
591.88874 0.9881898
591.89292 0.98021938
591.89709 0.97012076
591.90127 0.96130967
591.90544 0.95853867
591.90962 0.96384165
591.91379 0.97419233
591.91797 0.98437973
591.92214 0.99132449
591.92631 0.99497347
591.93049 0.99652113
591.93466 0.99691698
591.93884 0.99645854
591.94301 0.99475122
591.94719 0.99061861
591.95136 0.9824936
591.95554 0.97026624
591.95971 0.95773328
591.96389 0.95170539
591.96806 0.95623009
591.97224 0.9683023
591.97641 0.98106491
591.98059 0.9900103
591.98476 0.9948002
591.98893 0.99700202
591.99311 0.99797439
591.99728 0.99836683
592.00146 0.99836641
592.00563 0.99800316
592.00981 0.99741193
592.01398 0.99694821
592.01816 0.9969706
592.02233 0.99748174
592.02651 0.99811578
592.03068 0.99846801
592.03486 0.99826306
592.03903 0.99720014
592.04321 0.99489467
592.04738 0.99137143
592.05156 0.98779526
592.05573 0.98617043
592.0599 0.98760533
592.06408 0.99113249
592.06825 0.99475616
592.07243 0.99724237
592.0766 0.99855166
592.08078 0.9991468
592.08495 0.99940786
592.08913 0.9995131
592.0933 0.99950549
592.09748 0.9993405
592.10165 0.9989203
592.10583 0.99820639
592.11 0.99740068
592.11418 0.99694197
592.11835 0.99714444
592.12253 0.99785907
592.1267 0.99863511
592.13088 0.99915094
592.13505 0.99937661
592.13923 0.99942146
592.1434 0.99934525
592.14758 0.99907653
592.15175 0.99845606
592.15592 0.99743168
592.1601 0.99631219
592.16427 0.99571928
592.16845 0.99606113
592.17262 0.99709833
592.1768 0.99820661
592.18097 0.99895791
592.18515 0.9993107
592.18932 0.99940474
592.1935 0.99935745
592.19767 0.99922932
592.20185 0.99908037
592.20602 0.99898556
592.2102 0.99896341
592.21437 0.99890769
592.21855 0.9985961
592.22272 0.99774411
592.2269 0.99612017
592.23107 0.99372401
592.23525 0.99073502
592.23942 0.98716028
592.2436 0.98306315
592.24777 0.97961505
592.25195 0.97891685
592.25612 0.98167693
592.2603 0.98596951
592.26447 0.98931076
592.26865 0.99113165
592.27282 0.99250511
592.277 0.99426287
592.28117 0.99619079
592.28535 0.99770696
592.28952 0.99858457
592.2937 0.99894803
592.29787 0.99895225
592.30205 0.99861083
592.30622 0.99785089
592.3104 0.99673659
592.31457 0.99566455
592.31875 0.9951914
592.32292 0.99554165
592.3271 0.99640473
592.33127 0.99727639
592.33545 0.99783034
592.33962 0.99791725
592.3438 0.99733686
592.34797 0.99563711
592.35215 0.99220255
592.35632 0.98692548
592.3605 0.98100009
592.36467 0.97638447
592.36885 0.97384785
592.37302 0.97232901
592.3772 0.971052
592.38138 0.97130077
592.38555 0.97484568
592.38973 0.98123029
592.3939 0.98789399
592.39808 0.99262539
592.40225 0.99485473
592.40643 0.994835
592.4106 0.99245588
592.41478 0.98717104
592.41895 0.97935607
592.42313 0.97184774
592.4273 0.96895955
592.43148 0.97268299
592.43565 0.98058389
592.43983 0.98837185
592.444 0.99356992
592.44818 0.99619299
592.45235 0.99725888
592.45653 0.99760584
592.46071 0.99762059
592.46488 0.99738758
592.46906 0.99694294
592.47323 0.99640995
592.47741 0.99580269
592.48158 0.99469215
592.48576 0.99228307
592.48993 0.98818752
592.49411 0.98343867
592.49828 0.98047214
592.50246 0.98129084
592.50663 0.98550056
592.51081 0.99073355
592.51499 0.99487122
592.51916 0.99731767
592.52334 0.9985222
592.52751 0.99908074
592.53169 0.99935628
592.53586 0.99950645
592.54004 0.99958756
592.54421 0.99961733
592.54839 0.99960795
592.55257 0.99958587
592.55674 0.99958876
592.56092 0.99963744
592.56509 0.99971697
592.56927 0.99979443
592.57344 0.99984901
592.57762 0.99987945
592.58179 0.99989214
592.58597 0.99988994
592.59015 0.99986888
592.59432 0.99982143
592.5985 0.99974662
592.60267 0.99966294
592.60685 0.99960824
592.61102 0.99961465
592.6152 0.99967863
592.61938 0.99976288
592.62355 0.99982894
592.62773 0.9998604
592.6319 0.99985691
592.63608 0.99981414
592.64025 0.99970446
592.64443 0.99946273
592.64861 0.99900254
592.65278 0.99830995
592.65696 0.99757559
592.66113 0.99716267
592.66531 0.9973103
592.66948 0.99788126
592.67366 0.99849981
592.67784 0.99890473
592.68201 0.99910346
592.68619 0.99924235
592.69036 0.99941407
592.69454 0.99960004
592.69872 0.99974534
592.70289 0.99983188
592.70707 0.99987805
592.71124 0.99990576
592.71542 0.99992491
592.7196 0.99993751
592.72377 0.99994439
592.72795 0.99994706
592.73212 0.99994695
592.7363 0.99994489
592.74048 0.99994124
592.74465 0.99993606
592.74883 0.99992921
592.753 0.99992041
592.75718 0.99990921
592.76136 0.99989481
592.76553 0.99987575
592.76971 0.99984896
592.77388 0.99980804
592.77806 0.99974231
592.78224 0.99964148
592.78641 0.99950861
592.79059 0.99936704
592.79476 0.99923739
592.79894 0.99908886
592.80312 0.99879271
592.80729 0.99806214
592.81147 0.9963643
592.81565 0.99302397
592.81982 0.98793985
592.824 0.9826202
592.82817 0.97989899
592.83235 0.98156082
592.83653 0.98644985
592.8407 0.99170556
592.84488 0.99539292
592.84906 0.99735658
592.85323 0.99827744
592.85741 0.998719
592.86159 0.99888611
592.86576 0.99875811
592.86994 0.9982632
592.87411 0.99744534
592.87829 0.99657529
592.88247 0.99604577
592.88664 0.99607842
592.89082 0.99653347
592.895 0.99697568
592.89917 0.99691723
592.90335 0.99617412
592.90753 0.99516211
592.9117 0.9947013
592.91588 0.9952711
592.92006 0.9965258
592.92423 0.99768986
592.92841 0.99826005
592.93259 0.99824733
592.93676 0.99800254
592.94094 0.99793279
592.94512 0.99822461
592.94929 0.99874886
592.95347 0.99925047
592.95765 0.99958576
592.96182 0.9997627
592.966 0.9998461
592.97018 0.99988616
592.97435 0.9999067
592.97853 0.99991572
592.98271 0.99991422
592.98688 0.99990205
592.99106 0.99988354
592.99524 0.99986958
592.99941 0.99987058
593.00359 0.9998862
593.00777 0.99990581
593.01194 0.99991881
593.01612 0.99992135
593.0203 0.99991416
593.02447 0.99989747
593.02865 0.99986736
593.03283 0.99981002
593.03701 0.9996867
593.04118 0.99940819
593.04536 0.99883561
593.04954 0.99789508
593.05371 0.99680084
593.05789 0.99609352
593.06207 0.99622681
593.06625 0.99709359
593.07042 0.99813824
593.0746 0.99888707
593.07878 0.99920232
593.08295 0.99911796
593.08713 0.99864598
593.09131 0.99782389
593.09549 0.99691722
593.09966 0.99642188
593.10384 0.99667878
593.10802 0.99752288
593.11219 0.99846394
593.11637 0.99914494
593.12055 0.99951517
593.12473 0.99968267
593.1289 0.99975202
593.13308 0.99977874
593.13726 0.99978514
593.14144 0.99977921
593.14561 0.99976361
593.14979 0.99973864
593.15397 0.99970316
593.15815 0.99965459
593.16232 0.99958845
593.1665 0.99949716
593.17068 0.99936719
593.17486 0.99917214
593.17903 0.9988528
593.18321 0.99825899
593.18739 0.99700984
593.19157 0.99430391
593.19574 0.98904717
593.19992 0.98095421
593.2041 0.9722415
593.20828 0.96738815
593.21245 0.96951149
593.21663 0.97714122
593.22081 0.98581346
593.22499 0.9922137
593.22916 0.99579902
593.23334 0.99750581
593.23752 0.9982704
593.2417 0.99859358
593.24588 0.99867297
593.25005 0.99855783
593.25423 0.99817653
593.25841 0.99725143
593.26259 0.99523157
593.26676 0.991595
593.27094 0.98674267
593.27512 0.98264963
593.2793 0.98176219
593.28348 0.984659
593.28765 0.98940826
593.29183 0.9935454
593.29601 0.99602682
593.30019 0.99723312
593.30437 0.99791296
593.30854 0.99847526
593.31272 0.99895775
593.3169 0.99929257
593.32108 0.99947556
593.32526 0.99955939
593.32944 0.99959266
593.33361 0.99959321
593.33779 0.99956147
593.34197 0.99950216
593.34615 0.99941547
593.35033 0.99926208
593.3545 0.99896864
593.35868 0.99851626
593.36286 0.99803043
593.36704 0.99773344
593.37122 0.9977617
593.3754 0.99802865
593.37957 0.99827764
593.38375 0.99828039
593.38793 0.99800232
593.39211 0.99756037
593.39629 0.99701633
593.40047 0.99633659
593.40465 0.99566029
593.40882 0.99540955
593.413 0.99588678
593.41718 0.99689279
593.42136 0.99793958
593.42554 0.99870439
593.42972 0.9991566
593.4339 0.99940082
593.43807 0.99953717
593.44225 0.99962681
593.44643 0.99969982
593.45061 0.99976368
593.45479 0.99981238
593.45897 0.99983634
593.46315 0.99982588
593.46733 0.99977184
593.4715 0.99967618
593.47568 0.99956897
593.47986 0.99950047
593.48404 0.99949507
593.48822 0.99951949
593.4924 0.9995119
593.49658 0.99942192
593.50076 0.99918925
593.50494 0.99870596
593.50911 0.99790133
593.51329 0.99695387
593.51747 0.99633821
593.52165 0.99646082
593.52583 0.99723732
593.53001 0.99818328
593.53419 0.99888371
593.53837 0.99924222
593.54255 0.99936693
593.54673 0.99938356
593.55091 0.9993523
593.55509 0.99925682
593.55926 0.99899455
593.56344 0.99834238
593.56762 0.99697048
593.5718 0.99469644
593.57598 0.9919956
593.58016 0.99014224
593.58434 0.99030999
593.58852 0.99239599
593.5927 0.99513107
593.59688 0.9973216
593.60106 0.99861443
593.60524 0.99924525
593.60942 0.99953295
593.6136 0.99967031
593.61778 0.99974332
593.62196 0.99978894
593.62614 0.99982456
593.63032 0.99985643
593.63449 0.99988393
593.63867 0.99990513
593.64285 0.99992001
593.64703 0.99993008
593.65121 0.99993692
593.65539 0.99994149
593.65957 0.99994428
593.66375 0.99994546
593.66793 0.999945
593.67211 0.99994266
593.67629 0.99993791
593.68047 0.99992954
593.68465 0.99991462
593.68883 0.9998856
593.69301 0.99982487
593.69719 0.99970189
593.70137 0.99948981
593.70555 0.99920987
593.70973 0.9989545
593.71391 0.99881433
593.71809 0.99875846
593.72227 0.99863988
593.72645 0.99835378
593.73063 0.99795536
593.73481 0.99761377
593.73899 0.99749904
593.74317 0.99770245
593.74735 0.99817845
593.75153 0.99874653
593.75571 0.99921052
593.7599 0.99948442
593.76408 0.99959102
593.76826 0.99957672
593.77244 0.99944324
593.77662 0.99911706
593.7808 0.99845336
593.78498 0.99730661
593.78916 0.99565111
593.79334 0.99364676
593.79752 0.99166881
593.8017 0.99038386
593.80588 0.99054085
593.81006 0.99227191
593.81424 0.99475684
593.81842 0.99690776
593.8226 0.99821015
593.82678 0.99879559
593.83096 0.99902177
593.83515 0.99914597
593.83933 0.99922774
593.84351 0.9991785
593.84769 0.99888817
593.85187 0.99837833
593.85605 0.99788927
593.86023 0.99774882
593.86441 0.99807166
593.86859 0.99864917
593.87277 0.99918219
593.87695 0.99953112
593.88114 0.99972076
593.88532 0.99981917
593.8895 0.9998704
593.89368 0.99989326
593.89786 0.99989436
593.90204 0.99987775
593.90622 0.99985354
593.9104 0.99983931
593.91458 0.99984772
593.91877 0.9998741
593.92295 0.99990219
593.92713 0.99992013
593.93131 0.99992649
593.93549 0.99992494
593.93967 0.99991869
593.94385 0.999909
593.94804 0.9998958
593.95222 0.99987821
593.9564 0.99985449
593.96058 0.99982141
593.96476 0.99977225
593.96894 0.99969068
593.97313 0.99953374
593.97731 0.99919793
593.98149 0.99849835
593.98567 0.99726872
593.98985 0.99565207
593.99403 0.99429819
593.99822 0.99397408
594.0024 0.99480543
594.00658 0.99613457
594.01076 0.99721203
594.01494 0.9977547
594.01912 0.99777818
594.02331 0.99714433
594.02749 0.99542147
594.03167 0.99230782
594.03585 0.98844899
594.04003 0.98568552
594.04422 0.9857584
594.0484 0.98857738
594.05258 0.99234299
594.05676 0.99532745
594.06095 0.99698251
594.06513 0.99757599
594.06931 0.99743161
594.07349 0.99660139
594.07767 0.99502197
594.08186 0.99287081
594.08604 0.99052973
594.09022 0.98777211
594.0944 0.98313547
594.09859 0.97522378
594.10277 0.96554479
594.10695 0.95910554
594.11113 0.96025372
594.11532 0.96810913
594.1195 0.97777898
594.12368 0.9853942
594.12786 0.99026409
594.13205 0.99319029
594.13623 0.99473435
594.14041 0.99497794
594.14459 0.99362091
594.14878 0.98993012
594.15296 0.9834467
594.15714 0.9756843
594.16133 0.97058926
594.16551 0.97161385
594.16969 0.97816265
594.17387 0.98626644
594.17806 0.99248916
594.18224 0.99600923
594.18642 0.99764496
594.19061 0.99834147
594.19479 0.9986282
594.19897 0.99871222
594.20316 0.99863973
594.20734 0.9983551
594.21152 0.99768893
594.21571 0.99636799
594.21989 0.99413936
594.22407 0.99090583
594.22825 0.98661541
594.23244 0.98116844
594.23662 0.97492574
594.2408 0.96897616
594.24499 0.96398819
594.24917 0.9597141
594.25336 0.9570726
594.25754 0.95887677
594.26172 0.96631841
594.26591 0.97658424
594.27009 0.98564206
594.27427 0.99169749
594.27846 0.99519211
594.28264 0.99712478
594.28682 0.99818912
594.29101 0.99876658
594.29519 0.99907121
594.29938 0.99922681
594.30356 0.99930914
594.30774 0.99936532
594.31193 0.99941432
594.31611 0.99945676
594.32029 0.9994991
594.32448 0.99955754
594.32866 0.99963617
594.33285 0.99971813
594.33703 0.9997837
594.34122 0.99982655
594.3454 0.99985155
594.34958 0.99986561
594.35377 0.99987307
594.35795 0.99987582
594.36214 0.99987413
594.36632 0.99986692
594.3705 0.99985106
594.37469 0.99982121
594.37887 0.99977321
594.38306 0.99971154
594.38724 0.99965135
594.39143 0.99960436
594.39561 0.99955859
594.3998 0.99947134
594.40398 0.99926298
594.40816 0.99876786
594.41235 0.99763513
594.41653 0.99532031
594.42072 0.99150211
594.4249 0.98696569
594.42909 0.98387822
594.43327 0.98423472
594.43746 0.98778543
594.44164 0.99225802
594.44583 0.99557716
594.45001 0.99711798
594.4542 0.99708005
594.45838 0.99553923
594.46257 0.9924248
594.46675 0.98836095
594.47094 0.98519661
594.47512 0.98491432
594.47931 0.98771661
594.48349 0.99181926
594.48768 0.99525931
594.49186 0.99730742
594.49605 0.99825541
594.50023 0.99859294
594.50442 0.99855947
594.5086 0.99808943
594.51279 0.9969253
594.51698 0.99489342
594.52116 0.99231759
594.52535 0.99017572
594.52953 0.98956619
594.53372 0.99080621
594.5379 0.99310809
594.54209 0.99519155
594.54627 0.99607532
594.55046 0.995283
594.55465 0.99278902
594.55883 0.98935035
594.56302 0.98668194
594.5672 0.9863759
594.57139 0.98830243
594.57557 0.99057755
594.57976 0.99108166
594.58395 0.98849994
594.58813 0.98238704
594.59232 0.97369372
594.5965 0.96578726
594.60069 0.96331665
594.60488 0.96824577
594.60906 0.97769991
594.61325 0.98686302
594.61744 0.99302324
594.62162 0.9962641
594.62581 0.99775026
594.62999 0.99841291
594.63418 0.99871788
594.63837 0.99885092
594.64255 0.99886055
594.64674 0.99871055
594.65093 0.99833036
594.65511 0.99771518
594.6593 0.99698515
594.66349 0.99621266
594.66767 0.99507274
594.67186 0.9928335
594.67605 0.98912752
594.68023 0.98492439
594.68442 0.98212957
594.68861 0.98138792
594.69279 0.98067683
594.69698 0.97740853
594.70117 0.9722365
594.70535 0.96946731
594.70954 0.97259103
594.71373 0.98037444
594.71791 0.98855915
594.7221 0.99417832
594.72629 0.99699798
594.73048 0.99804812
594.73466 0.99823179
594.73885 0.99808221
594.74304 0.99796054
594.74723 0.99808818
594.75141 0.9984579
594.7556 0.998888
594.75979 0.99921044
594.76397 0.99937879
594.76816 0.99943546
594.77235 0.99944255
594.77654 0.99944309
594.78072 0.99944813
594.78491 0.99943887
594.7891 0.99938445
594.79329 0.99927369
594.79748 0.99912842
594.80166 0.99894425
594.80585 0.99859832
594.81004 0.99789036
594.81423 0.99679307
594.81841 0.99568698
594.8226 0.9952018
594.82679 0.99567078
594.83098 0.99680242
594.83517 0.997986
594.83935 0.9988137
594.84354 0.99923757
594.84773 0.99938362
594.85192 0.99935459
594.85611 0.99915055
594.8603 0.99866681
594.86448 0.997782
594.86867 0.99657722
594.87286 0.99550108
594.87705 0.99511521
594.88124 0.99551772
594.88543 0.99614704
594.88961 0.99623834
594.8938 0.99532175
594.89799 0.99318997
594.90218 0.989476
594.90637 0.9836984
594.91056 0.97654513
594.91475 0.9710451
594.91893 0.97080776
594.92312 0.97630067
594.92731 0.98416806
594.9315 0.9906136
594.93569 0.99423952
594.93988 0.99572273
594.94407 0.99614978
594.94826 0.99605528
594.95245 0.99545372
594.95664 0.99431255
594.96082 0.99284868
594.96501 0.99136343
594.9692 0.98988304
594.97339 0.98824172
594.97758 0.98677132
594.98177 0.98654692
594.98596 0.98832851
594.99015 0.99148489
594.99434 0.99452906
594.99853 0.9964397
595.00272 0.99708923
595.00691 0.99684637
595.0111 0.99623226
595.01529 0.99566277
595.01948 0.99507643
595.02367 0.99399232
595.02786 0.99236074
595.03205 0.9911643
595.03624 0.99158049
595.04043 0.99360592
595.04462 0.9960761
595.04881 0.99792518
595.053 0.99891164
595.05719 0.99930927
595.06138 0.99941432
595.06557 0.99937536
595.06976 0.99921284
595.07395 0.9988622
595.07814 0.99824143
595.08233 0.99734453
595.08652 0.99630473
595.09071 0.99541624
595.0949 0.99507411
595.09909 0.99550647
595.10328 0.99647551
595.10747 0.99739159
595.11166 0.99778473
595.11585 0.99760831
595.12004 0.9971555
595.12423 0.99675911
595.12842 0.99649877
595.13261 0.99607269
595.1368 0.99493274
595.14099 0.99279245
595.14518 0.99030035
595.14938 0.98896638
595.15357 0.98986871
595.15776 0.99252475
595.16195 0.9954506
595.16614 0.99757064
595.17033 0.9987403
595.17452 0.9992933
595.17871 0.99955029
595.1829 0.99968249
595.1871 0.99976034
595.19129 0.99981099
595.19548 0.99984581
595.19967 0.99987002
595.20386 0.99988561
595.20805 0.99989237
595.21224 0.99988926
595.21644 0.99987794
595.22063 0.99986587
595.22482 0.99986343
595.22901 0.99987481
595.2332 0.99989342
595.23739 0.99990769
595.24159 0.99990834
595.24578 0.99988764
595.24997 0.99983516
595.25416 0.99974157
595.25835 0.99961173
595.26254 0.99946422
595.26674 0.99929667
595.27093 0.99906393
595.27512 0.99874958
595.27931 0.99847235
595.28351 0.99843293
595.2877 0.99870083
595.29189 0.99912674
595.29608 0.99950272
595.30027 0.9997351
595.30447 0.99984641
595.30866 0.99989049
595.31285 0.99990267
595.31704 0.99989568
595.32124 0.99986509
595.32543 0.99978346
595.32962 0.99958222
595.33382 0.9991543
595.33801 0.99844853
595.3422 0.99764349
595.34639 0.99716009
595.35059 0.99732377
595.35478 0.99801854
595.35897 0.99881533
595.36317 0.99938834
595.36736 0.99968908
595.37155 0.99981741
595.37574 0.99987063
595.37994 0.99989891
595.38413 0.99991885
595.38832 0.99993298
595.39252 0.99994116
595.39671 0.9999441
595.4009 0.99994289
595.4051 0.99993783
595.40929 0.99992748
595.41348 0.99990652
595.41768 0.99986062
595.42187 0.99976177
595.42606 0.99958032
595.43026 0.99932935
595.43445 0.99910403
595.43865 0.99903132
595.44284 0.99914503
595.44703 0.99934343
595.45123 0.99949193
595.45542 0.99953198
595.45962 0.99948437
595.46381 0.99938327
595.468 0.99920546
595.4722 0.99880471
595.47639 0.99783139
595.48059 0.99572387
595.48478 0.99209343
595.48897 0.98760682
595.49317 0.98435078
595.49736 0.984396
595.50156 0.98770709
595.50575 0.99218517
595.50995 0.99578072
595.51414 0.99787445
595.51834 0.99887
595.52253 0.9993103
595.52673 0.99951146
595.53092 0.99960194
595.53511 0.99963138
595.53931 0.99963263
595.5435 0.99963721
595.5477 0.99966162
595.55189 0.9996942
595.55609 0.99970307
595.56028 0.99964787
595.56448 0.99947644
595.56867 0.99913861
595.57287 0.99866182
595.57706 0.99822398
595.58126 0.99806796
595.58546 0.9982821
595.58965 0.9987134
595.59385 0.999122
595.59804 0.99936114
595.60224 0.99940748
595.60643 0.99929893
595.61063 0.99906694
595.61482 0.99865075
595.61902 0.99780735
595.62322 0.99619996
595.62741 0.99384641
595.63161 0.99159112
595.6358 0.99074833
595.64 0.99188881
595.64419 0.99422839
595.64839 0.99646388
595.65259 0.99786001
595.65678 0.99836683
595.66098 0.9981091
595.66517 0.9970963
595.66937 0.99543862
595.67357 0.99373445
595.67776 0.9929461
595.68196 0.99360366
595.68616 0.99527132
595.69035 0.99701459
595.69455 0.99821199
595.69875 0.99878551
595.70294 0.998914
595.70714 0.99877788
595.71134 0.99854102
595.71553 0.99839275
595.71973 0.99846614
595.72393 0.99872273
595.72812 0.99900458
595.73232 0.99920137
595.73652 0.99931391
595.74071 0.99938107
595.74491 0.99941197
595.74911 0.99938953
595.75331 0.999293
595.7575 0.99908945
595.7617 0.99868287
595.7659 0.99779862
595.77009 0.99580813
595.77429 0.99176015
595.77849 0.98521296
595.78269 0.97775307
595.78688 0.97312633
595.79108 0.97430035
595.79528 0.98033446
595.79948 0.98732934
595.80367 0.99203047
595.80787 0.99347028
595.81207 0.99206295
595.81627 0.98876998
595.82047 0.98528532
595.82466 0.98379465
595.82886 0.98544555
595.83306 0.98922562
595.83726 0.99295388
595.84146 0.99504497
595.84565 0.99491435
595.84985 0.99238621
595.85405 0.98778365
595.85825 0.98281001
595.86245 0.98030119
595.86665 0.98192864
595.87084 0.98646317
595.87504 0.99115272
595.87924 0.9943318
595.88344 0.99609846
595.88764 0.9971864
595.89184 0.99800086
595.89604 0.99855845
595.90024 0.99878164
595.90443 0.99865472
595.90863 0.99825682
595.91283 0.99777057
595.91703 0.99739576
595.92123 0.99720209
595.92543 0.99715449
595.92963 0.99728627
595.93383 0.99768429
595.93803 0.9982917
595.94223 0.99889258
595.94643 0.9993072
595.95062 0.99949855
595.95482 0.99950941
595.95902 0.99938909
595.96322 0.99919824
595.96742 0.99903158
595.97162 0.99896852
595.97582 0.99896905
595.98002 0.99882948
595.98422 0.99825617
595.98842 0.99706195
595.99262 0.99547296
595.99682 0.99424965
596.00102 0.9941856
596.00522 0.99533526
596.00942 0.9969717
596.01362 0.99833028
596.01782 0.99914647
596.02202 0.99954562
596.02622 0.9997257
596.03042 0.99981086
596.03462 0.99985558
596.03882 0.99987979
596.04302 0.99988908
596.04722 0.99988234
596.05143 0.99985675
596.05563 0.99981592
596.05983 0.9997769
596.06403 0.99976338
596.06823 0.99978536
596.07243 0.9998286
596.07663 0.99986749
596.08083 0.99988332
596.08503 0.99986893
596.08923 0.99982701
596.09343 0.99977255
596.09764 0.99972919
596.10184 0.9997094
596.10604 0.99969866
596.11024 0.99966873
596.11444 0.99960462
596.11864 0.99950409
596.12284 0.99933256
596.12705 0.9989713
596.13125 0.99825478
596.13545 0.99717397
596.13965 0.99610176
596.14385 0.99565585
596.14805 0.99614274
596.15226 0.99722737
596.15646 0.99828261
596.16066 0.99892455
596.16486 0.99913977
596.16906 0.99910846
596.17327 0.9990424
596.17747 0.99908668
596.18167 0.99925654
596.18587 0.99946188
596.19007 0.99960313
596.19428 0.99962589
596.19848 0.99949712
596.20268 0.99918349
596.20688 0.99870807
596.21109 0.99823373
596.21529 0.99800657
596.21949 0.99812498
596.22369 0.99838034
596.2279 0.9983411
596.2321 0.99753694
596.2363 0.99570501
596.24051 0.99324255
596.24471 0.9914076
596.24891 0.99145526
596.25312 0.99335599
596.25732 0.9958536
596.26152 0.99778895
596.26572 0.99888295
596.26993 0.9994071
596.27413 0.99965472
596.27833 0.99977867
596.28254 0.99984228
596.28674 0.9998725
596.29095 0.99987885
596.29515 0.99986089
596.29935 0.99981816
596.30356 0.9997631
596.30776 0.99972268
596.31196 0.99971691
596.31617 0.99973544
596.32037 0.99974767
596.32458 0.99973811
596.32878 0.99972295
596.33298 0.99972811
596.33719 0.99975487
596.34139 0.99976987
596.3456 0.99972898
596.3498 0.99961518
596.35401 0.99946468
596.35821 0.9993527
596.36241 0.99933349
596.36662 0.99939564
596.37082 0.99948988
596.37503 0.99958327
596.37923 0.9996652
596.38344 0.9997238
596.38764 0.99975014
596.39185 0.99975933
596.39605 0.9997815
596.40026 0.9998288
596.40446 0.9998855
596.40867 0.99993044
596.41287 0.99995647
596.41708 0.99996836
596.42128 0.99997278
596.42549 0.9999737
596.42969 0.99997267
596.4339 0.99996995
596.4381 0.999965
596.44231 0.99995654
596.44652 0.9999431
596.45072 0.99992436
596.45493 0.9999013
596.45913 0.9998732
596.46334 0.99983366
596.46754 0.99976777
596.47175 0.9996405
596.47596 0.99936815
596.48016 0.99881757
596.48437 0.99792735
596.48857 0.99692297
596.49278 0.99631817
596.49699 0.99649264
596.50119 0.9972865
596.5054 0.99818411
596.50961 0.99882359
596.51381 0.99917346
596.51802 0.99933418
596.52223 0.99936857
596.52643 0.99932134
596.53064 0.99927593
596.53485 0.99931734
596.53905 0.99945495
596.54326 0.99962317
596.54747 0.99975494
596.55167 0.99982956
596.55588 0.99986011
596.56009 0.99986377
596.56429 0.99984745
596.5685 0.99980371
596.57271 0.99970575
596.57692 0.99950808
596.58112 0.99917897
596.58533 0.99876727
596.58954 0.99842229
596.59375 0.99828543
596.59795 0.9983436
596.60216 0.99840791
596.60637 0.99820722
596.61058 0.99751622
596.61478 0.99630898
596.61899 0.99482184
596.6232 0.99341267
596.62741 0.99244544
596.63162 0.99231015
596.63582 0.99319495
596.64003 0.99469317
596.64424 0.99591879
596.64845 0.99601875
596.65266 0.99443621
596.65687 0.99113841
596.66107 0.98720083
596.66528 0.98479844
596.66949 0.98560274
596.6737 0.98910978
596.67791 0.9932177
596.68212 0.99624491
596.68633 0.99785116
596.69054 0.99848107
596.69474 0.99864715
596.69895 0.99868147
596.70316 0.99871986
596.70737 0.99871188
596.71158 0.99848049
596.71579 0.99785243
596.72 0.99682096
596.72421 0.99567764
596.72842 0.99496334
596.73263 0.99510904
596.73684 0.99602406
596.74105 0.997139
596.74526 0.99787108
596.74947 0.99792821
596.75368 0.99724384
596.75789 0.99587881
596.76209 0.99402995
596.7663 0.99184357
596.77051 0.98906101
596.77472 0.98535927
596.77893 0.98158695
596.78315 0.97996516
596.78736 0.98196167
596.79157 0.98641613
596.79578 0.99070984
596.79999 0.9932467
596.8042 0.9940739
596.80841 0.99362571
596.81262 0.99161686
596.81683 0.98740191
596.82104 0.9815383
596.82525 0.97666681
596.82946 0.97578658
596.83367 0.97934647
596.83788 0.9849911
596.84209 0.99016226
596.8463 0.99387757
596.85052 0.99628419
596.85473 0.99774987
596.85894 0.99857758
596.86315 0.99901024
596.86736 0.99921896
596.87157 0.99929336
596.87578 0.99925208
596.88 0.99904355
596.88421 0.99852032
596.88842 0.99742866
596.89263 0.9955675
596.89684 0.99321564
596.90105 0.99139346
596.90527 0.99123497
596.90948 0.99286704
596.91369 0.99526648
596.9179 0.99730014
596.92211 0.99853808
596.92633 0.99913438
596.93054 0.99938233
596.93475 0.99949301
596.93896 0.99957322
596.94318 0.99965284
596.94739 0.99972127
596.9516 0.99976339
596.95581 0.9997744
596.96003 0.99975467
596.96424 0.99970494
596.96845 0.99963063
596.97266 0.99954254
596.97688 0.99943536
596.98109 0.99924332
596.9853 0.99878248
596.98952 0.99771188
596.99373 0.9956677
596.99794 0.99275899
597.00216 0.99006506
597.00637 0.98915214
597.01058 0.99061658
597.0148 0.99342785
597.01901 0.99602301
597.02322 0.9976429
597.02744 0.99845165
597.03165 0.99887903
597.03586 0.99916672
597.04008 0.9993552
597.04429 0.99943624
597.04851 0.99942837
597.05272 0.99934782
597.05693 0.9991848
597.06115 0.99896255
597.06536 0.99879657
597.06958 0.99881842
597.07379 0.99903122
597.07801 0.99930299
597.08222 0.99950462
597.08644 0.99960264
597.09065 0.99962893
597.09486 0.99961331
597.09908 0.99955279
597.10329 0.99941144
597.10751 0.99911518
597.11172 0.99851199
597.11594 0.99728119
597.12015 0.99489629
597.12437 0.99100856
597.12858 0.98637696
597.1328 0.98321771
597.13701 0.98361461
597.14123 0.98735138
597.14545 0.99212522
597.14966 0.99584016
597.15388 0.99795138
597.15809 0.99893587
597.16231 0.99936799
597.16652 0.99957409
597.17074 0.99968825
597.17496 0.99975958
597.17917 0.99980719
597.18339 0.99983926
597.1876 0.99985854
597.19182 0.99986345
597.19604 0.99984974
597.20025 0.99981712
597.20447 0.99977868
597.20868 0.99975946
597.2129 0.99977639
597.21712 0.99982072
597.22133 0.999867
597.22555 0.9998953
597.22977 0.99989826
597.23398 0.9998723
597.2382 0.99981106
597.24242 0.99971107
597.24664 0.99958219
597.25085 0.99944745
597.25507 0.99932665
597.25929 0.99921276
597.2635 0.99906763
597.26772 0.99887409
597.27194 0.99870975
597.27616 0.9987137
597.28037 0.99893698
597.28459 0.99927534
597.28881 0.99957836
597.29303 0.99977404
597.29724 0.99987549
597.30146 0.99992246
597.30568 0.99994386
597.3099 0.99995311
597.31412 0.99995405
597.31833 0.99994518
597.32255 0.99992245
597.32677 0.99988481
597.33099 0.9998405
597.33521 0.99980334
597.33943 0.99977645
597.34364 0.99974587
597.34786 0.99970158
597.35208 0.99966019
597.3563 0.99965335
597.36052 0.99969442
597.36474 0.99976428
597.36896 0.99982784
597.37317 0.99985884
597.37739 0.99985348
597.38161 0.99983035
597.38583 0.99981701
597.39005 0.99982788
597.39427 0.99985249
597.39849 0.99986576
597.40271 0.9998376
597.40693 0.99971292
597.41115 0.99937528
597.41537 0.99868247
597.41959 0.99766935
597.42381 0.99675577
597.42803 0.99653009
597.43225 0.997156
597.43647 0.99818323
597.44069 0.99904678
597.44491 0.99953323
597.44913 0.99973441
597.45335 0.99979691
597.45757 0.99980505
597.46179 0.99978946
597.46601 0.99975717
597.47023 0.99970612
597.47445 0.9996278
597.47867 0.99950211
597.48289 0.99927788
597.48711 0.99881759
597.49133 0.99779102
597.49555 0.99561927
597.49977 0.99179926
597.504 0.98676393
597.50822 0.98239772
597.51244 0.98093899
597.51666 0.98303582
597.52088 0.98732351
597.5251 0.99183017
597.52932 0.99530628
597.53354 0.997471
597.53777 0.99861936
597.54199 0.99917423
597.54621 0.99944283
597.55043 0.9995842
597.55465 0.99966552
597.55887 0.99971267
597.5631 0.99973368
597.56732 0.9997235
597.57154 0.9996561
597.57576 0.99947206
597.57999 0.99909501
597.58421 0.99852446
597.58843 0.99795286
597.59265 0.99770523
597.59687 0.99794894
597.6011 0.99851125
597.60532 0.99906297
597.60954 0.99940573
597.61377 0.99952991
597.61799 0.99950368
597.62221 0.99939283
597.62643 0.99924019
597.63066 0.99902722
597.63488 0.99861558
597.6391 0.99778742
597.64333 0.99649242
597.64755 0.99514448
597.65177 0.99449958
597.656 0.99498675
597.66022 0.99624363
597.66444 0.99748772
597.66867 0.9981733
597.67289 0.99814966
597.67712 0.99742515
597.68134 0.9959758
597.68556 0.993634
597.68979 0.99009258
597.69401 0.98545658
597.69824 0.98110634
597.70246 0.97935044
597.70668 0.98145233
597.71091 0.9862926
597.71513 0.99141675
597.71936 0.99503481
597.72358 0.99676671
597.72781 0.99704334
597.73203 0.99643656
597.73626 0.99553594
597.74048 0.99497791
597.74471 0.99519784
597.74893 0.99612152
597.75316 0.99724191
597.75738 0.99800794
597.76161 0.99804316
597.76583 0.99705332
597.77006 0.99485648
597.77428 0.99185147
597.77851 0.98931481
597.78274 0.98861612
597.78696 0.98995667
597.79119 0.99229859
597.79541 0.99449084
597.79964 0.99602873
597.80386 0.996922
597.80809 0.9973875
597.81232 0.99771214
597.81654 0.99810654
597.82077 0.99857978
597.825 0.99900346
597.82922 0.99928618
597.83345 0.99945046
597.83767 0.99956857
597.8419 0.99967962
597.84613 0.99977856
597.85035 0.99985111
597.85458 0.99989574
597.85881 0.99992051
597.86304 0.99993375
597.86726 0.99994016
597.87149 0.99994066
597.87572 0.99993133
597.87994 0.99989842
597.88417 0.99981217
597.8884 0.9996377
597.89263 0.9993824
597.89685 0.99914071
597.90108 0.99904306
597.90531 0.99912188
597.90954 0.99926398
597.91376 0.99932839
597.91799 0.99929114
597.92222 0.99925579
597.92645 0.99932656
597.93068 0.99949673
597.9349 0.99967759
597.93913 0.99979905
597.94336 0.99984687
597.94759 0.9998348
597.95182 0.99978381
597.95605 0.99972495
597.96028 0.99969311
597.9645 0.99970301
597.96873 0.99973999
597.97296 0.99978023
597.97719 0.99980944
597.98142 0.99982004
597.98565 0.99980146
597.98988 0.99973172
597.99411 0.99955853
597.99834 0.99917094
598.00257 0.99842045
598.0068 0.99728884
598.01102 0.99612575
598.01525 0.99556818
598.01948 0.99598639
598.02371 0.99707996
598.02794 0.99819103
598.03217 0.99887827
598.0364 0.99906697
598.04063 0.99886439
598.04486 0.99845409
598.04909 0.99809901
598.05332 0.99803264
598.05755 0.99826108
598.06178 0.99855953
598.06602 0.99872014
598.07025 0.99874859
598.07448 0.99879164
598.07871 0.99893708
598.08294 0.99914598
598.08717 0.99934226
598.0914 0.99948525
598.09563 0.99955225
598.09986 0.99949695
598.10409 0.9992198
598.10832 0.99857081
598.11256 0.9974793
598.11679 0.99621076
598.12102 0.9954063
598.12525 0.99559398
598.12948 0.99664051
598.13371 0.99789813
598.13795 0.99883544
598.14218 0.99933963
598.14641 0.99953189
598.15064 0.99951522
598.15487 0.99930381
598.15911 0.99890777
598.16334 0.99845505
598.16757 0.99817386
598.1718 0.99817383
598.17603 0.99828998
598.18027 0.99825422
598.1845 0.99800115
598.18873 0.99772548
598.19297 0.99766643
598.1972 0.99790505
598.20143 0.9983395
598.20566 0.9987842
598.2099 0.99910341
598.21413 0.99928442
598.21836 0.99938605
598.2226 0.9994497
598.22683 0.99949217
598.23106 0.99954237
598.2353 0.99962755
598.23953 0.99973678
598.24376 0.99983334
598.248 0.99989459
598.25223 0.99992276
598.25647 0.99992808
598.2607 0.99991263
598.26493 0.99986229
598.26917 0.99974666
598.2734 0.99954253
598.27764 0.99928686
598.28187 0.99909835
598.2861 0.99909111
598.29034 0.99925381
598.29457 0.9994631
598.29881 0.99961571
598.30304 0.99969683
598.30728 0.99972717
598.31151 0.99969212
598.31575 0.99953355
598.31998 0.99921125
598.32422 0.99879974
598.32845 0.99850784
598.33269 0.99851897
598.33692 0.9987969
598.34116 0.99911983
598.3454 0.99930523
598.34963 0.99934891
598.35387 0.99936385
598.3581 0.99943606
598.36234 0.99955611
598.36657 0.99966753
598.37081 0.99973898
598.37505 0.9997757
598.37928 0.99978858
598.38352 0.99977443
598.38775 0.99972512
598.39199 0.99964446
598.39623 0.99954131
598.40046 0.99940413
598.4047 0.99920265
598.40894 0.99892713
598.41317 0.99860644
598.41741 0.99828192
598.42165 0.99801648
598.42589 0.99793842
598.43012 0.99816535
598.43436 0.99864163
598.4386 0.99915342
598.44283 0.99952482
598.44707 0.99972528
598.45131 0.99980988
598.45555 0.9998328
598.45978 0.99981841
598.46402 0.99977079
598.46826 0.99969094
598.4725 0.99958362
598.47674 0.99943797
598.48097 0.99919873
598.48521 0.99879574
598.48945 0.99825903
598.49369 0.99778275
598.49793 0.99755076
598.50216 0.99742381
598.5064 0.99686447
598.51064 0.99530822
598.51488 0.99282778
598.51912 0.9905346
598.52336 0.98993534
598.5276 0.99151507
598.53184 0.99425526
598.53608 0.99674075
598.54031 0.99831526
598.54455 0.99910138
598.54879 0.99943986
598.55303 0.9995538
598.55727 0.99952374
598.56151 0.99937275
598.56575 0.99915622
598.56999 0.99899358
598.57423 0.99899486
598.57847 0.9991597
598.58271 0.99938725
598.58695 0.99958096
598.59119 0.9997106
598.59543 0.99978778
598.59967 0.99982256
598.60391 0.99981279
598.60815 0.99976208
598.61239 0.99969976
598.61663 0.99967337
598.62087 0.99970915
598.62511 0.99978654
598.62936 0.99986282
598.6336 0.9999127
598.63784 0.99993659
598.64208 0.99994485
598.64632 0.99994539
598.65056 0.99994161
598.6548 0.99993428
598.65904 0.99992277
598.66329 0.99990526
598.66753 0.9998778
598.67177 0.99983142
598.67601 0.99974364
598.68025 0.99955673
598.68449 0.99914175
598.68874 0.9983005
598.69298 0.9969267
598.69722 0.99531245
598.70146 0.99419766
598.70571 0.99422058
598.70995 0.99529959
598.71419 0.99676572
598.71843 0.99801362
598.72268 0.99883621
598.72692 0.999298
598.73116 0.99953084
598.7354 0.99963799
598.73965 0.99967865
598.74389 0.9996891
598.74813 0.99970149
598.75238 0.9997374
598.75662 0.99979436
598.76086 0.99985206
598.76511 0.9998931
598.76935 0.99991364
598.77359 0.99991806
598.77784 0.9999098
598.78208 0.99988512
598.78633 0.99982408
598.79057 0.99967156
598.79481 0.99932599
598.79906 0.99870227
598.8033 0.99790259
598.80755 0.9973053
598.81179 0.99730114
598.81603 0.99788364
598.82028 0.99865428
598.82452 0.99923175
598.82877 0.9994985
598.83301 0.9994801
598.83726 0.99912527
598.8415 0.99823013
598.84575 0.99663846
598.84999 0.99467599
598.85424 0.99328696
598.85848 0.99334258
598.86273 0.99475713
598.86698 0.99660239
598.87122 0.99804057
598.87547 0.99885806
598.87971 0.99923539
598.88396 0.99936512
598.8882 0.99934929
598.89245 0.99926713
598.8967 0.99919055
598.90094 0.99912622
598.90519 0.99898783
598.90944 0.9986056
598.91368 0.99771625
598.91793 0.99608338
598.92217 0.99393665
598.92642 0.99227194
598.93067 0.9922024
598.93491 0.9938091
598.93916 0.99604484
598.94341 0.99782748
598.94766 0.99882481
598.9519 0.99926936
598.95615 0.99947483
598.9604 0.99961311
598.96465 0.9997279
598.96889 0.99981361
598.97314 0.99986707
598.97739 0.99989637
598.98164 0.9999115
598.98588 0.9999184
598.99013 0.99991907
598.99438 0.99991352
598.99863 0.99990227
599.00288 0.99988781
599.00712 0.99987247
599.01137 0.99985143
599.01562 0.99980501
599.01987 0.99969654
599.02412 0.9994874
599.02837 0.99917503
599.03262 0.99881899
599.03687 0.9984945
599.04111 0.99818686
599.04536 0.99774521
599.04961 0.99700796
599.05386 0.99605014
599.05811 0.99527358
599.06236 0.99507381
599.06661 0.99529396
599.07086 0.99514019
599.07511 0.99389897
599.07936 0.99187702
599.08361 0.99047201
599.08786 0.99094584
599.09211 0.9931454
599.09636 0.99578064
599.10061 0.99776296
599.10486 0.99886708
599.10911 0.99937936
599.11336 0.99960625
599.11761 0.99971441
599.12186 0.99976954
599.12611 0.99979093
599.13036 0.99977661
599.13461 0.99971729
599.13887 0.99961854
599.14312 0.99952205
599.14737 0.99948803
599.15162 0.99953869
599.15587 0.99963309
599.16012 0.99970952
599.16437 0.99973398
599.16862 0.99969901
599.17288 0.9995873
599.17713 0.9993219
599.18138 0.99870273
599.18563 0.99739975
599.18988 0.9952094
599.19414 0.99259729
599.19839 0.99084755
599.20264 0.99110731
599.20689 0.9931935
599.21115 0.99579713
599.2154 0.9977859
599.21965 0.99889761
599.2239 0.99940785
599.22816 0.99962813
599.23241 0.99973338
599.23666 0.99979572
599.24092 0.99983937
599.24517 0.99987024
599.24942 0.99988923
599.25368 0.99989721
599.25793 0.99989652
599.26218 0.99989159
599.26644 0.99988716
599.27069 0.99988357
599.27494 0.99987322
599.2792 0.99983816
599.28345 0.99974014
599.28771 0.99950266
599.29196 0.99902569
599.29621 0.99829864
599.30047 0.99755654
599.30472 0.99721938
599.30898 0.99752075
599.31323 0.99825256
599.31749 0.99899213
599.32174 0.99948606
599.326 0.99973473
599.33025 0.99983847
599.33451 0.99987495
599.33876 0.99987817
599.34302 0.9998548
599.34727 0.99979378
599.35153 0.99967274
599.35578 0.99948628
599.36004 0.999289
599.36429 0.9991828
599.36855 0.99921506
599.37281 0.99929772
599.37706 0.99926139
599.38132 0.99899984
599.38557 0.99859118
599.38983 0.99829095
599.39409 0.9983329
599.39834 0.99870256
599.4026 0.99916888
599.40686 0.99952307
599.41111 0.99971231
599.41537 0.99978217
599.41963 0.99978157
599.42388 0.99972396
599.42814 0.99957953
599.4324 0.99925465
599.43666 0.9985621
599.44091 0.9972875
599.44517 0.99548343
599.44943 0.99377595
599.45369 0.99309321
599.45794 0.99383288
599.4622 0.99547822
599.46646 0.99716462
599.47072 0.9983886
599.47498 0.99911653
599.47923 0.99950791
599.48349 0.99970961
599.48775 0.99981216
599.49201 0.99986522
599.49627 0.99989344
599.50053 0.99990653
599.50478 0.99990456
599.50904 0.99987948
599.5133 0.99981946
599.51756 0.9997249
599.52182 0.99962861
599.52608 0.99958674
599.53034 0.99963025
599.5346 0.99973214
599.53886 0.99983668
599.54312 0.99990921
599.54738 0.99994836
599.55164 0.99996702
599.5559 0.99997603
599.56016 0.99998085
599.56442 0.99998367
599.56868 0.99998529
599.57294 0.99998597
599.5772 0.99998558
599.58146 0.99998331
599.58572 0.99997691
599.58998 0.99996236
599.59424 0.99993654
599.5985 0.99990394
599.60276 0.99987952
599.60702 0.9998777
599.61128 0.9998963
599.61554 0.99991667
599.61981 0.99991749
599.62407 0.99988199
599.62833 0.9997973
599.63259 0.99965918
599.63685 0.99947821
599.64111 0.99927997
599.64537 0.99911314
599.64964 0.99905099
599.6539 0.99913677
599.65816 0.99932343
599.66242 0.99951558
599.66668 0.99966112
599.67095 0.99976407
599.67521 0.99983783
599.67947 0.99988509
599.68373 0.99990773
599.688 0.99991182
599.69226 0.99990301
599.69652 0.99988268
599.70079 0.99984616
599.70505 0.99977767
599.70931 0.99963498
599.71358 0.99931895
599.71784 0.99864832
599.7221 0.99742987
599.72637 0.99572947
599.73063 0.994161
599.73489 0.99363846
599.73916 0.99453635
599.74342 0.99626707
599.74769 0.99789844
599.75195 0.99894878
599.75621 0.99947282
599.76048 0.99970204
599.76474 0.99980368
599.76901 0.99985425
599.77327 0.99988203
599.77754 0.99989699
599.7818 0.99990217
599.78607 0.99989594
599.79033 0.99986904
599.7946 0.9997984
599.79886 0.99964667
599.80313 0.99938329
599.80739 0.99901917
599.81166 0.99861449
599.81592 0.99825989
599.82019 0.99807241
599.82446 0.99815868
599.82872 0.99850844
599.83299 0.998968
599.83725 0.99936926
599.84152 0.99964218
599.84579 0.99980095
599.85005 0.9998847
599.85432 0.9999266
599.85858 0.99994776
599.86285 0.99995931
599.86712 0.9999662
599.87139 0.99997048
599.87565 0.99997305
599.87992 0.99997427
599.88419 0.99997424
599.88845 0.99997266
599.89272 0.99996841
599.89699 0.999959
599.90126 0.99994087
599.90552 0.99991276
599.90979 0.99988118
599.91406 0.9998599
599.91833 0.99985871
599.92259 0.99987268
599.92686 0.99988646
599.93113 0.99988715
599.9354 0.99986873
599.93967 0.99982418
599.94394 0.99972985
599.9482 0.9995186
599.95247 0.99904209
599.95674 0.99806825
599.96101 0.99643194
599.96528 0.99438303
599.96955 0.99277822
599.97382 0.99255878
599.97809 0.99382887
599.98236 0.99574486
599.98663 0.9973983
599.9909 0.99845942
599.99517 0.99900393
599.99944 0.99914133
600.00371 0.99892211
600.00798 0.99845041
600.01225 0.99798738
600.01652 0.99785403
600.02079 0.99816594
600.02506 0.99873159
600.02933 0.9992626
600.0336 0.99961147
600.03787 0.9997927
600.04214 0.99987648
600.04641 0.99991599
600.05068 0.99993695
600.05495 0.99994939
600.05922 0.99995681
600.06349 0.99995978
600.06776 0.99995641
600.07204 0.99994281
600.07631 0.99991696
600.08058 0.999886
600.08485 0.99986715
600.08912 0.99987383
600.0934 0.99990124
600.09767 0.99993163
600.10194 0.9999515
600.10621 0.99995818
600.11048 0.99995336
600.11476 0.99993457
600.11903 0.99989044
600.1233 0.99980279
600.12757 0.99966136
600.13185 0.9994804
600.13612 0.99928184
600.14039 0.99905213
600.14467 0.99876421
600.14894 0.99848604
600.15321 0.99839893
600.15749 0.99861784
600.16176 0.99903988
600.16603 0.99944841
600.17031 0.99971422
600.17458 0.99984246
600.17885 0.99988999
600.18313 0.9998983
600.1874 0.99988046
600.19168 0.99982531
600.19595 0.99969676
600.20023 0.99944434
600.2045 0.99905875
600.20877 0.99865223
600.21305 0.99843959
600.21732 0.99855857
600.2216 0.99892342
600.22587 0.99931492
600.23015 0.99957587
600.23442 0.99967114
600.2387 0.99961378
600.24298 0.99939654
600.24725 0.99898646
600.25153 0.99836865
600.2558 0.99763468
600.26008 0.99706015
600.26435 0.99698961
600.26863 0.99750677
600.27291 0.99828955
600.27718 0.99890176
600.28146 0.99915236
600.28574 0.9991485
600.29001 0.99912026
600.29429 0.99922106
600.29857 0.99943655
600.30284 0.99965583
600.30712 0.9997984
600.3114 0.99985609
600.31567 0.99985945
600.31995 0.99984615
600.32423 0.99984657
600.32851 0.99987078
600.33278 0.99990669
600.33706 0.99993674
600.34134 0.99995341
600.34562 0.99995874
600.34989 0.99995666
600.35417 0.99994841
600.35845 0.99993093
600.36273 0.99989275
600.36701 0.99980384
600.37129 0.99960745
600.37556 0.9992484
600.37984 0.99876578
600.38412 0.99836373
600.3884 0.99829281
600.39268 0.99860115
600.39696 0.99907921
600.40124 0.9994777
600.40552 0.99969588
600.4098 0.99976633
600.41408 0.9997638
600.41836 0.99975501
600.42264 0.99977595
600.42692 0.99982175
600.4312 0.99986447
600.43548 0.99988182
600.43976 0.99986177
600.44404 0.99977904
600.44832 0.99956351
600.4526 0.9991042
600.45688 0.99836122
600.46116 0.99755047
600.46544 0.99711701
600.46972 0.99733526
600.474 0.99798193
600.47828 0.99856736
600.48256 0.99882391
600.48684 0.99886262
600.49113 0.99893818
600.49541 0.99916458
600.49969 0.9994613
600.50397 0.99970348
600.50825 0.99984585
600.51253 0.99991334
600.51682 0.99994294
600.5211 0.99995671
600.52538 0.99996354
600.52966 0.99996609
600.53395 0.99996385
600.53823 0.99995314
600.54251 0.99992711
600.54679 0.99988077
600.55108 0.9998216
600.55536 0.99977126
600.55964 0.99974325
600.56393 0.9997182
600.56821 0.99966011
600.57249 0.99956786
600.57678 0.99949563
600.58106 0.99950356
600.58534 0.9995951
600.58963 0.99971922
600.59391 0.99982224
600.59819 0.9998813
600.60248 0.99990165
600.60676 0.99990266
600.61105 0.99990511
600.61533 0.99991948
600.61962 0.99994202
600.6239 0.99996301
600.62819 0.99997686
600.63247 0.99998399
600.63676 0.99998698
600.64104 0.99998771
600.64533 0.99998675
600.64961 0.99998334
600.6539 0.99997513
600.65818 0.99995846
600.66247 0.99993159
600.66675 0.99989999
600.67104 0.9998758
600.67533 0.99986501
600.67961 0.99985139
600.6839 0.999794
600.68818 0.99964687
600.69247 0.99940577
600.69676 0.99915884
600.70104 0.99905681
600.70533 0.9991764
600.70962 0.99943508
600.7139 0.99968152
600.71819 0.99983039
600.72248 0.99988348
600.72676 0.99987716
600.73105 0.99985053
600.73534 0.99983727
600.73963 0.99985102
600.74391 0.99987812
600.7482 0.99989736
600.75249 0.99990302
600.75678 0.99990197
600.76107 0.99989688
600.76535 0.99988465
600.76964 0.99986988
600.77393 0.99986617
600.77822 0.99987855
600.78251 0.99989164
600.7868 0.99987568
600.79109 0.99979398
600.79537 0.99961363
600.79966 0.99934748
600.80395 0.99910125
600.80824 0.99902529
600.81253 0.99916963
600.81682 0.99942262
600.82111 0.99961977
600.8254 0.99966685
600.82969 0.99956246
600.83398 0.99938347
600.83827 0.99926196
600.84256 0.99929988
600.84685 0.99947785
600.85114 0.99968578
600.85543 0.99983642
600.85972 0.99991599
600.86401 0.99995027
600.8683 0.99996388
600.87259 0.99996921
600.87688 0.99997083
600.88118 0.99997013
600.88547 0.99996739
600.88976 0.99996214
600.89405 0.99995282
600.89834 0.99993541
600.90263 0.99990154
600.90692 0.99983797
600.91122 0.99972814
600.91551 0.99954513
600.9198 0.99923015
600.92409 0.99870947
600.92838 0.99802521
600.93268 0.99746331
600.93697 0.99739301
600.94126 0.9978872
600.94556 0.99863238
600.94985 0.9992609
600.95414 0.99963561
600.95843 0.9998139
600.96273 0.99989129
600.96702 0.99992667
600.97131 0.99994474
600.97561 0.99995376
600.9799 0.99995454
600.98419 0.99994228
600.98849 0.9999081
600.99278 0.9998488
600.99708 0.99978277
601.00137 0.99974831
601.00567 0.99977067
601.00996 0.99983474
601.01425 0.99990247
601.01855 0.99994909
601.02284 0.99997337
601.02714 0.99998424
601.03143 0.99998913
601.03573 0.99999165
601.04002 0.99999317
601.04432 0.99999417
601.04861 0.99999485
601.05291 0.99999533
601.05721 0.99999564
601.0615 0.99999582
601.0658 0.99999588
601.07009 0.99999582
601.07439 0.99999564
601.07868 0.99999533
601.08298 0.99999486
601.08728 0.9999942
601.09157 0.99999332
601.09587 0.99999211
601.10017 0.99999047
601.10446 0.99998817
601.10876 0.99998479
601.11306 0.99997943
601.11736 0.9999698
601.12165 0.99995024
601.12595 0.99990913
601.13025 0.99983036
601.13455 0.99970624
601.13884 0.99955647
601.14314 0.99942914
601.14744 0.99936995
601.15174 0.99938316
601.15604 0.99941809
601.16033 0.99940138
601.16463 0.99930776
601.16893 0.99920337
601.17323 0.99918359
601.17753 0.99925568
601.18183 0.99932419
601.18613 0.99931652
601.19042 0.99928612
601.19472 0.99934597
601.19902 0.99952001
601.20332 0.99972184
601.20762 0.9998663
601.21192 0.99993891
601.21622 0.99996723
601.22052 0.999977
601.22482 0.99998028
601.22912 0.99998088
601.23342 0.99997957
601.23772 0.99997585
601.24202 0.99996762
601.24632 0.99994959
601.25062 0.99991092
601.25492 0.99983435
601.25923 0.99969855
601.26353 0.99948882
601.26783 0.99922822
601.27213 0.99901374
601.27643 0.99897736
601.28073 0.99915692
601.28503 0.99943935
601.28934 0.99967271
601.29364 0.99979398
601.29794 0.9998337
601.30224 0.99984918
601.30654 0.99987466
601.31085 0.99991143
601.31515 0.99994566
601.31945 0.99996847
601.32375 0.99998055
601.32806 0.99998625
601.33236 0.99998891
601.33666 0.99999006
601.34096 0.99999012
601.34527 0.99998888
601.34957 0.99998515
601.35387 0.9999759
601.35818 0.99995559
601.36248 0.99991943
601.36679 0.99987236
601.37109 0.99983491
601.37539 0.99983054
601.3797 0.99986235
601.384 0.9999097
601.38831 0.99994955
601.39261 0.99997346
601.39691 0.99998496
601.40122 0.99998994
601.40552 0.99999205
601.40983 0.99999285
601.41413 0.99999281
601.41844 0.99999187
601.42274 0.99998938
601.42705 0.99998385
601.43136 0.99997342
601.43566 0.99995795
601.43997 0.99994172
601.44427 0.99993245
601.44858 0.99993512
601.45288 0.99994705
601.45719 0.99996058
601.4615 0.99996967
601.4658 0.99997272
601.47011 0.99997053
601.47442 0.99996306
601.47872 0.9999463
601.48303 0.9999068
601.48734 0.99981566
601.49164 0.99963865
601.49595 0.99938364
601.50026 0.99914869
601.50457 0.99907079
601.50887 0.99918203
601.51318 0.99936017
601.51749 0.99945938
601.5218 0.99945184
601.52611 0.99941947
601.53041 0.99943714
601.53472 0.99949155
601.53903 0.99950102
601.54334 0.99936706
601.54765 0.99900825
601.55196 0.99843936
601.55627 0.99786866
601.56057 0.99759491
601.56488 0.99767815
601.56919 0.99779134
601.5735 0.99753015
601.57781 0.99686301
601.58212 0.996211
601.58643 0.99603389
601.59074 0.99638046
601.59505 0.99696422
601.59936 0.9975793
601.60367 0.99821023
601.60798 0.99882477
601.61229 0.99931249
601.6166 0.99960739
601.62091 0.99973333
601.62522 0.99974442
601.62953 0.99968805
601.63385 0.99961846
601.63816 0.99959673
601.64247 0.99965093
601.64678 0.99975232
601.65109 0.99984936
601.6554 0.99991389
601.65971 0.99994803
601.66403 0.99996463
601.66834 0.99997326
601.67265 0.99997846
601.67696 0.99998194
601.68127 0.99998429
601.68559 0.9999855
601.6899 0.99998485
601.69421 0.99998052
601.69853 0.99997047
601.70284 0.99995568
601.70715 0.999943
601.71146 0.99994117
601.71578 0.99995183
601.72009 0.99996751
601.7244 0.99997961
601.72872 0.99998458
601.73303 0.99998178
601.73735 0.99996894
601.74166 0.99994221
601.74597 0.99990363
601.75029 0.99986881
601.7546 0.9998595
601.75892 0.99988252
601.76323 0.99992209
601.76755 0.999957
601.77186 0.99997811
601.77618 0.99998794
601.78049 0.99999176
601.78481 0.99999286
601.78912 0.9999923
601.79344 0.99998977
601.79775 0.99998421
601.80207 0.99997504
601.80638 0.99996344
601.8107 0.99995103
601.81502 0.99993578
601.81933 0.99991251
601.82365 0.9998828
601.82796 0.99986147
601.83228 0.99986278
601.8366 0.99987899
601.84091 0.99988003
601.84523 0.99983788
601.84955 0.99975667
601.85387 0.99968377
601.85818 0.99967595
601.8625 0.99974218
601.86682 0.99983627
601.87114 0.999909
601.87545 0.99994555
601.87977 0.99995505
601.88409 0.99994615
601.88841 0.99991218
601.89273 0.99981772
601.89704 0.99958853
601.90136 0.99915287
601.90568 0.99857045
601.91 0.99811502
601.91432 0.99808983
601.91864 0.99851011
601.92296 0.99908886
601.92728 0.99954318
601.93159 0.99979466
601.93591 0.99990484
601.94023 0.99994868
601.94455 0.99996749
601.94887 0.99997717
601.95319 0.99998303
601.95751 0.99998696
601.96183 0.99998975
601.96615 0.99999181
601.97047 0.99999338
601.97479 0.99999459
601.97912 0.99999553
601.98344 0.99999626
601.98776 0.99999683
601.99208 0.99999728
601.9964 0.99999762
602.00072 0.99999787
602.00504 0.99999803
602.00936 0.99999811
602.01368 0.99999808
602.01801 0.99999792
602.02233 0.99999752
602.02665 0.99999658
602.03097 0.99999426
602.03529 0.99998883
602.03962 0.99997811
602.04394 0.99996236
602.04826 0.9999474
602.05259 0.99994211
602.05691 0.99994974
602.06123 0.99996365
602.06555 0.9999739
602.06988 0.99997551
602.0742 0.9999701
602.07852 0.99996266
602.08285 0.99995795
602.08717 0.99995878
602.0915 0.9999654
602.09582 0.99997514
602.10014 0.99998388
602.10447 0.99998895
602.10879 0.99999001
602.11312 0.9999871
602.11744 0.99997854
602.12177 0.9999602
602.12609 0.9999277
602.13042 0.99988203
602.13474 0.99983488
602.13907 0.99980432
602.14339 0.99980063
602.14772 0.9998194
602.15204 0.9998491
602.15637 0.99987982
